1724159852840 0 49
1724159861665 0 99
1724159871133 0 149
1724159881774 0 199
1724159891665 0 249
1724159901860 0 299
1724159912134 0 349
1724159920724 0 399
1724159930207 0 449
1724159952324 0 493
1724159955110 1 499
1724159964432 1 549
1724159973294 1 599
1724159984286 1 649
1724159993836 1 699
1724160003397 1 749
1724160012732 1 799
1724160023602 1 849
1724160032299 1 899
1724160042194 1 949
1724160062903 1 987
1724160066542 2 999
1724160076986 2 1049
1724160085662 2 1099
1724160095697 2 1149
1724160106559 2 1199
1724160116301 2 1249
1724160125384 2 1299
1724160134252 2 1349
1724160144163 2 1399
1724160153581 2 1449
1724160173135 2 1481
1724160177272 3 1499
1724160187156 3 1549
1724160196801 3 1599
1724160206951 3 1649
1724160216347 3 1699
1724160227136 3 1749
1724160236484 3 1799
1724160246778 3 1849
1724160257492 3 1899
1724160265645 3 1949
1724160284060 3 1975
1724160290811 4 1999
1724160305851 4 2049
1724160320472 4 2099
1724160334270 4 2149
1724160347466 4 2199
1724160361269 4 2249
1724160373624 4 2299
1724160387438 4 2349
1724160401253 4 2399
1724160414345 4 2449
1724160433759 4 2469
1724160443840 5 2499
1724160458075 5 2549
1724160473388 5 2599
1724160486049 5 2649
1724160500378 5 2699
1724160512203 5 2749
1724160527916 5 2799
1724160541319 5 2849
1724160553368 5 2899
1724160567342 5 2949
1724160584196 5 2963
1724160595844 6 2999
1724160611018 6 3049
1724160624280 6 3099
1724160638205 6 3149
1724160652033 6 3199
1724160665688 6 3249
1724160678661 6 3299
1724160692295 6 3349
1724160705464 6 3399
1724160719465 6 3449
1724160734409 6 3457
1724160747431 7 3499
1724160761124 7 3549
1724160775568 7 3599
1724160789073 7 3649
1724160803213 7 3699
1724160816626 7 3749
1724160831133 7 3799
1724160842775 7 3849
1724160856972 7 3899
1724160871408 7 3949
1724160884576 7 3951
1724160899925 8 3999
1724160915227 8 4049
1724160927729 8 4099
1724160941508 8 4149
1724160955971 8 4199
1724160971178 8 4249
1724160984263 8 4299
1724160997781 8 4349
1724161010872 8 4399
1724161035224 8 4445
1724161037963 9 4449
1724161053011 9 4499
1724161065785 9 4549
1724161080054 9 4599
1724161093754 9 4649
1724161106052 9 4699
1724161121066 9 4749
1724161134658 9 4799
1724161148511 9 4849
1724161161938 9 4899
1724161186122 9 4939
1724161191317 10 4949
1724161206170 10 4999
1724161219295 10 5049
1724161233974 10 5099
1724161248611 10 5149
1724161261288 10 5199
1724161274481 10 5249
1724161287393 10 5299
1724161301713 10 5349
1724161315566 10 5399
1724161337250 10 5433
