1724159852840 0.6707791090011597 49
1724159861665 0.6465629935264587 99
1724159871133 0.6254941821098328 149
1724159881774 0.65522301197052 199
1724159891665 0.6636799573898315 249
1724159901860 0.9231598377227783 299
1724159912134 0.7804268598556519 349
1724159920724 0.8392325043678284 399
1724159930207 0.8124375343322754 449
1724159955110 0.6439709663391113 499
1724159964432 0.747117280960083 549
1724159973294 0.544241189956665 599
1724159984286 0.6513183116912842 649
1724159993836 0.6200554966926575 699
1724160003397 0.5941257476806641 749
1724160012732 0.6227459907531738 799
1724160023602 0.5066369771957397 849
1724160032299 0.6011277437210083 899
1724160042194 0.6956927180290222 949
1724160066542 0.6542397737503052 999
1724160076986 0.4609626531600952 1049
1724160085662 0.745076596736908 1099
1724160095697 0.697837233543396 1149
1724160106559 0.6069051623344421 1199
1724160116301 0.45621201395988464 1249
1724160125384 0.8285377025604248 1299
1724160134252 0.7339149117469788 1349
1724160144163 0.7781846523284912 1399
1724160153581 0.6823611855506897 1449
1724160177272 0.6808403730392456 1499
1724160187156 0.5449081063270569 1549
1724160196801 0.46863889694213867 1599
1724160206951 0.7593792676925659 1649
1724160216347 0.46111810207366943 1699
1724160227136 0.4514389634132385 1749
1724160236484 0.6484529972076416 1799
1724160246778 0.6819139719009399 1849
1724160257492 0.4192389249801636 1899
1724160265645 0.4113669693470001 1949
1724160290811 0.9060445427894592 1999
1724160305851 0.7213817834854126 2049
1724160320472 0.2524704933166504 2099
1724160334270 0.34974658489227295 2149
1724160347466 0.8039115071296692 2199
1724160361269 0.5606841444969177 2249
1724160373624 0.5978913307189941 2299
1724160387438 0.409001886844635 2349
1724160401253 0.37147337198257446 2399
1724160414345 1.1110165119171143 2449
1724160443840 0.49449050426483154 2499
1724160458075 0.25250327587127686 2549
1724160473388 0.5647888779640198 2599
1724160486049 0.6981914043426514 2649
1724160500378 1.1656713485717773 2699
1724160512203 0.17185533046722412 2749
1724160527916 0.1985420137643814 2799
1724160541319 1.3666305541992188 2849
1724160553368 0.2937089800834656 2899
1724160567342 0.3452114760875702 2949
1724160595844 0.15389004349708557 2999
1724160611018 0.07525384426116943 3049
1724160624280 0.21068257093429565 3099
1724160638205 0.2588740587234497 3149
1724160652033 0.15492627024650574 3199
1724160665688 0.2653637230396271 3249
1724160678661 0.37144964933395386 3299
1724160692295 0.04410321265459061 3349
1724160705464 0.04594460874795914 3399
1724160719465 0.0993754118680954 3449
1724160747431 0.11800451576709747 3499
1724160761124 0.07492944598197937 3549
1724160775568 0.0518302321434021 3599
1724160789073 0.18365518748760223 3649
1724160803213 0.04970404878258705 3699
1724160816626 0.09245553612709045 3749
1724160831133 0.06419368833303452 3799
1724160842775 0.1509072333574295 3849
1724160856972 0.07283203303813934 3899
1724160871408 1.033272624015808 3949
1724160899925 0.06130439415574074 3999
1724160915227 0.10841721296310425 4049
1724160927729 0.042185209691524506 4099
1724160941508 0.02582881599664688 4149
1724160955971 0.018523244187235832 4199
1724160971178 0.0918659120798111 4249
1724160984263 0.03985808789730072 4299
1724160997781 0.016601093113422394 4349
1724161010872 0.4087408483028412 4399
1724161037963 0.020754333585500717 4449
1724161053011 0.022885872051119804 4499
1724161065785 0.02727491408586502 4549
1724161080054 0.03539318963885307 4599
1724161093754 0.009766682982444763 4649
1724161106052 0.01765621080994606 4699
1724161121066 0.029370546340942383 4749
1724161134658 0.10635963082313538 4799
1724161148511 0.012566466815769672 4849
1724161161938 0.008481458760797977 4899
1724161191317 0.010274223983287811 4949
1724161206170 0.019265059381723404 4999
1724161219295 0.012983034364879131 5049
1724161233974 0.010036286897957325 5099
1724161248611 0.0072329081594944 5149
1724161261288 0.008576166816055775 5199
1724161274481 0.014960781671106815 5249
1724161287393 0.007121782749891281 5299
1724161301713 0.01301606371998787 5349
1724161315566 0.01736542209982872 5399
