1721987115487 0.6498644948005676 49
1721987138556 0.2828581929206848 99
1721987168244 0.41718143224716187 149
1721987191676 0.14844214916229248 199
1721987221310 0.3223726153373718 249
1721987244528 0.17351381480693817 299
1721987267945 0.0906546413898468 349
1721987297924 0.10542968660593033 399
1721987321162 0.06593810021877289 449
1721987351124 0.014057930558919907 499
1721987374319 0.00766352191567421 549
1721987397222 0.012161419726908207 599
1721987425811 0.013427448458969593 649
1721987448981 0.0052189393900334835 699
1721987477303 0.006496050860732794 749
1721987500450 0.013174546882510185 799
1721987523410 0.004008541349321604 849
