1723470841705 0 49
1723470865493 0 99
1723470882198 0 123
1723470896274 0 149
1723470920514 0 199
1723470949080 1 247
1723470951594 1 249
1723470975827 1 299
1723471000215 1 349
1723471016043 1 371
1723471031334 1 399
1723471055150 1 449
1723471082037 2 495
1723471085669 2 499
1723471110021 2 549
1723471134245 2 599
1723471149184 2 619
1723471165461 2 649
1723471189787 2 699
1723471215958 3 743
1723471218862 3 749
1723471243014 3 799
1723471267012 3 849
1723471280762 3 867
1723471296264 3 899
1723471319983 3 949
1723471344944 4 991
