1723470841705 0.6941099762916565 49
1723470865493 0.6850418448448181 99
1723470896274 0.5453546047210693 149
1723470920514 0.2851226329803467 199
1723470951594 0.3500894010066986 249
1723470975827 0.29383721947669983 299
1723471000215 0.8949204087257385 349
1723471031334 0.8923748135566711 399
1723471055150 0.5158699154853821 449
1723471085669 0.2930015027523041 499
1723471110021 0.4486059248447418 549
1723471134245 0.4474363327026367 599
1723471165461 0.07619654387235641 649
1723471189787 0.5135103464126587 699
1723471218862 0.08209571242332458 749
1723471243014 0.06419777870178223 799
1723471267012 0.05850335955619812 849
1723471296264 0.06394142657518387 899
1723471319983 0.38864219188690186 949
