1723449700736 0.696692705154419 49
1723449723093 0.6579350233078003 99
1723449752731 0.5419563055038452 149
1723449775753 0.33562570810317993 199
1723449804920 0.4552948772907257 249
1723449827139 0.35901740193367004 299
1723449849842 0.4580920338630676 349
1723449879228 0.35559767484664917 399
1723449901848 0.19358953833580017 449
1723449929629 0.21895445883274078 499
1723449952387 0.026308711618185043 549
1723449974900 0.015279337763786316 599
1723450004201 0.026080740615725517 649
1723450027007 0.34261763095855713 699
