1725967451178 0.7519615888595581 49
1725967522859 0.6510899066925049 99
1725967616528 0.8003000020980835 149
1725967687405 1.2783845663070679 199
1725967778162 0.2651638984680176 249
1725967851184 0.1732160747051239 299
1725967920671 0.08429953455924988 349
1725968014589 0.22168871760368347 399
1725968085604 0.08404169976711273 449
1725968178595 0.0821891576051712 499
1725968250943 0.07289475947618484 549
1725968320201 0.08516833186149597 599
1725968413410 0.5293884873390198 649
1725968482263 0.04183270037174225 699
1725968569021 0.03251590579748154 749
1725968638429 0.03464158996939659 799
1725968708668 0.009481493383646011 849
