1722936283467 0.5655537843704224 49
1722936305921 0.6055319309234619 99
1722936334748 0.4476463198661804 149
1722936357163 0.30628934502601624 199
1722936386672 0.5473445057868958 249
1722936409341 0.4240627884864807 299
1722936431930 0.30739519000053406 349
1722936460713 0.11315926909446716 399
1722936483442 0.42217782139778137 449
1722936510747 0.10687950253486633 499
1722936533481 0.17107956111431122 549
1722936556254 0.018923234194517136 599
1722936584235 0.0386822335422039 649
1722936606860 0.34596455097198486 699
