1723479511888 0 49
1723479534717 0 99
1723479550452 0 123
1723479564003 1 149
1723479586843 1 199
1723479614376 1 247
1723479617172 2 249
1723479639997 2 299
1723479662851 2 349
1723479677877 2 371
1723479692676 3 399
1723479715563 3 449
1723479741365 3 495
1723479744979 4 499
1723479767864 4 549
1723479791058 4 599
1723479804844 4 619
1723479820344 5 649
1723479843214 5 699
1723479867984 5 743
1723479872768 6 749
1723479895611 6 799
1723479918475 6 849
1723479931476 6 867
1723479946352 7 899
1723479969711 7 949
1723479993568 7 991
1723479999014 8 999
1723480021776 8 1049
1723480045029 8 1099
1723480056989 8 1115
1723480074308 9 1149
1723480097158 9 1199
1723480120044 9 1239
1723480124822 10 1249
1723480147609 10 1299
1723480170373 10 1349
1723480181404 10 1363
1723480198020 11 1399
1723480220891 11 1449
1723480242918 11 1487
