1723479511888 0.6773175001144409 49
1723479534717 0.6782681941986084 99
1723479564003 0.4859588146209717 149
1723479586843 0.4002872407436371 199
1723479617172 0.21336683630943298 249
1723479639997 0.13812565803527832 299
1723479662851 0.32122713327407837 349
1723479692676 0.1623745560646057 399
1723479715563 0.12700341641902924 449
1723479744979 0.053819525986909866 499
1723479767864 0.03329846262931824 549
1723479791058 0.05806997790932655 599
1723479820344 0.35781124234199524 649
1723479843214 0.02409929223358631 699
1723479872768 0.028881337493658066 749
1723479895611 0.04178183153271675 799
1723479918475 0.01829874888062477 849
1723479946352 0.029164638370275497 899
1723479969711 0.014698713086545467 949
1723479999014 0.015269825235009193 999
1723480021776 0.014017393812537193 1049
1723480045029 0.2845897078514099 1099
1723480074308 0.011769894510507584 1149
1723480097158 0.015630818903446198 1199
1723480124822 0.009492775425314903 1249
1723480147609 0.007575374562293291 1299
1723480170373 0.007534313946962357 1349
1723480198020 0.21971258521080017 1399
1723480220891 0.014882290735840797 1449
