1722939700585 0 49
1722939723035 0 99
1722939738315 0 122
1722939751718 0 149
1722939774124 0 199
1722939799815 0 245
1722939803204 0 249
1722939825761 0 299
1722939848487 0 349
1722939861962 0 368
1722939875676 0 399
1722939898024 0 449
1722939921679 0 491
1722939925430 0 499
1722939947910 0 549
1722939970511 0 599
1722939982225 0 614
1722939998118 1 649
1722940020420 1 699
1722940042616 1 737
1722940048292 1 749
1722940070869 1 799
1722940093624 1 849
1722940103807 1 860
1722940121896 1 899
1722940144670 1 949
1722940164642 1 983
1722940171876 1 999
1722940194433 1 1049
1722940216982 1 1099
1722940224971 1 1106
1722940244484 1 1149
1722940266755 1 1199
1722940285295 1 1229
1722940294255 2 1249
1722940316644 2 1299
1722940339084 2 1349
1722940345362 2 1352
