1722939700585 0.5290748476982117 49
1722939723035 0.15650250017642975 99
1722939751718 0.35096651315689087 149
1722939774124 0.1687508523464203 199
1722939803204 0.28780314326286316 249
1722939825761 0.21414029598236084 299
1722939848487 0.18684421479701996 349
1722939875676 0.27678149938583374 399
1722939898024 0.33194491267204285 449
1722939925430 0.012567858211696148 499
1722939947910 0.04591120406985283 549
1722939970511 0.011805363930761814 599
1722939998118 0.01055880356580019 649
1722940020420 0.1250678300857544 699
1722940048292 0.13060081005096436 749
1722940070869 0.02227843925356865 799
1722940093624 0.008292511105537415 849
1722940121896 0.11073073744773865 899
1722940144670 0.08131711184978485 949
1722940171876 0.07295464724302292 999
1722940194433 0.38140231370925903 1049
1722940216982 0.00788719393312931 1099
1722940244484 0.05412636697292328 1149
1722940266755 0.005595495458692312 1199
1722940294255 0.007932459004223347 1249
1722940316644 0.035599153488874435 1299
1722940339084 0.12965810298919678 1349
