1722341071320 0 49
1722341093425 0 99
1722341108205 0 122
1722341121759 0 149
1722341144393 0 199
1722341170068 0 245
1722341173388 0 249
1722341195403 0 299
1722341217625 0 349
1722341230971 0 368
1722341246244 1 399
1722341268608 1 449
1722341292082 1 491
1722341297326 1 499
1722341319792 1 549
1722341341724 1 599
1722341353320 1 614
1722341370395 1 649
1722341392776 1 699
1722341414526 1 737
1722341421331 2 749
1722341443419 2 799
1722341465703 2 849
1722341475423 2 860
1722341492620 2 899
1722341515075 2 949
1722341535119 2 983
