1722341071320 0.28942370414733887 49
1722341093425 0.36911916732788086 99
1722341121759 0.03664305806159973 149
1722341144393 0.10218968242406845 199
1722341173388 0.2563910484313965 249
1722341195403 0.057026784867048264 299
1722341217625 0.15021547675132751 349
1722341246244 0.06609839200973511 399
1722341268608 0.6372388601303101 449
1722341297326 0.034247223287820816 499
1722341319792 0.024053797125816345 549
1722341341724 0.0704585462808609 599
1722341370395 0.004096405114978552 649
1722341392776 0.01248676236718893 699
1722341421331 0.03029324859380722 749
1722341443419 0.011464431881904602 799
1722341465703 0.006924757733941078 849
1722341492620 0.0037346966564655304 899
1722341515075 0.009033596143126488 949
