1725354507025 0.5014844536781311 49
1725354566016 0.34459495544433594 99
1725354642138 0.8359888792037964 149
1725354702723 0.03953739255666733 199
1725354779350 0.09485980123281479 249
1725354840002 0.08651404082775116 299
1725354899948 0.8571116924285889 349
1725354980477 0.031090373173356056 399
1725355038184 0.008471830748021603 449
1725355113759 0.08107100427150726 499
1725355175359 0.0047565423883497715 549
1725355237765 0.0017732694977894425 599
1725355310646 0.0003921215538866818 649
1725355370827 0.011022688820958138 699
1725355447801 0.0003872947418130934 749
1725355505933 0.0015486226184293628 799
1725355568641 0.002300245687365532 849
