1722334120250 0 49
1722334142154 0 99
1722334157106 0 122
1722334170578 0 149
1722334192332 0 199
1722334217640 0 245
1722334220954 0 249
1722334243379 0 299
1722334265388 0 349
1722334278722 0 368
1722334294115 0 399
1722334316314 0 449
1722334339830 0 491
1722334345071 0 499
1722334367202 0 549
1722334389272 0 599
1722334400783 0 614
1722334417991 0 649
1722334440146 0 699
1722334462179 0 737
1722334467462 0 749
1722334489945 0 799
1722334512240 0 849
1722334521973 0 860
1722334539125 0 899
1722334560987 0 949
1722334580802 0 983
