1722334120250 0.059550900012254715 49
1722334142154 0.21546590328216553 99
1722334170578 0.20442214608192444 149
1722334192332 0.21232065558433533 199
1722334220954 0.010903101414442062 249
1722334243379 0.016408203169703484 299
1722334265388 0.05069928988814354 349
1722334294115 0.0028657768853008747 399
1722334316314 0.050000376999378204 449
1722334345071 0.23020055890083313 499
1722334367202 0.0029709194786846638 549
1722334389272 0.0028030583634972572 599
1722334417991 0.02686779573559761 649
1722334440146 0.07435689121484756 699
1722334467462 0.002460834803059697 749
1722334489945 0.5158464312553406 799
1722334512240 0.023961951956152916 849
1722334539125 0.0021586292423307896 899
1722334560987 0.03278786689043045 949
