1725346310462 0 49
1725346332676 0 99
1725346348226 0 123
1725346361703 0 149
1725346383981 0 199
1725346410730 0 247
1725346413248 0 249
1725346436058 0 299
1725346458489 0 349
1725346473275 0 371
1725346487437 0 399
1725346510701 0 449
1725346536684 0 495
1725346540254 0 499
1725346563560 0 549
1725346586167 0 599
1725346600144 0 619
1725346615239 0 649
1725346637977 0 699
1725346662566 0 743
1725346666911 0 749
1725346689892 0 799
1725346713204 0 849
1725346726704 0 867
1725346741328 0 899
1725346764026 0 949
1725346788413 0 991
1725346793736 0 999
1725346816691 0 1049
1725346839443 0 1099
1725346851652 0 1115
1725346868850 0 1149
1725346891679 0 1199
1725346914872 0 1239
1725346919346 0 1249
1725346942391 0 1299
1725346965307 0 1349
1725346976887 0 1363
