1725346310462 0.10259110480546951 49
1725346332676 0.05407221242785454 99
1725346361703 0.08457235246896744 149
1725346383981 0.018447404727339745 199
1725346413248 0.18697494268417358 249
1725346436058 0.03208891302347183 299
1725346458489 0.02451256290078163 349
1725346487437 0.024036401882767677 399
1725346510701 0.05185757204890251 449
1725346540254 0.4436805546283722 499
1725346563560 0.12422632426023483 549
1725346586167 0.011347301304340363 599
1725346615239 0.010167662054300308 649
1725346637977 0.005627194419503212 699
1725346666911 0.0036850878968834877 749
1725346689892 0.0029179551638662815 799
1725346713204 0.003943093586713076 849
1725346741328 0.1948966532945633 899
1725346764026 0.0031535958405584097 949
1725346793736 0.6962889432907104 999
1725346816691 0.004101832862943411 1049
1725346839443 0.0025705434381961823 1099
1725346868850 0.002791553270071745 1149
1725346891679 0.0031658175867050886 1199
1725346919346 0.015735965222120285 1249
1725346942391 0.0026671909727156162 1299
1725346965307 0.024078629910945892 1349
