1721902519074 0.6801341772079468 49
1721902541819 0.5984594225883484 99
1721902570838 0.45624101161956787 149
1721902593627 0.984933614730835 199
1721902623136 0.47127312421798706 249
1721902645866 0.49019855260849 299
1721902668624 0.653510332107544 349
1721902697790 0.5938501358032227 399
1721902720628 0.40954557061195374 449
1721902750193 0.4548718333244324 499
1721902773394 0.23398970067501068 549
1721902796499 0.586227297782898 599
1721902826229 0.4867325723171234 649
1721902849224 0.30889514088630676 699
1721902878768 0.5618906021118164 749
1721902901653 0.37595751881599426 799
1721902924646 0.48330989480018616 849
