1723454137748 0 49
1723454160578 0 99
1723454176537 0 123
1723454190062 0 149
1723454213215 0 199
1723454240387 1 247
1723454242835 1 249
1723454265929 1 299
1723454289690 1 349
1723454304934 1 371
1723454319489 1 399
1723454342483 1 449
1723454368668 2 495
1723454372255 2 499
1723454395728 2 549
1723454419333 2 599
1723454433653 2 619
1723454449299 2 649
1723454472504 2 699
1723454497797 3 743
1723454500624 3 749
1723454523949 3 799
1723454546741 3 849
1723454559817 3 867
1723454574425 3 899
1723454597133 3 949
1723454621154 4 991
1723454626450 4 999
1723454649996 4 1049
1723454674094 4 1099
1723454686795 4 1115
1723454703226 4 1149
1723454727557 4 1199
1723454751368 5 1239
1723454756163 5 1249
1723454779882 5 1299
1723454803523 5 1349
1723454815275 5 1363
