1723454137748 0.6940164566040039 49
1723454160578 0.6852259635925293 99
1723454190062 0.5353334546089172 149
1723454213215 0.28679534792900085 199
1723454242835 0.34035155177116394 249
1723454265929 0.2751164436340332 299
1723454289690 0.8842858076095581 349
1723454319489 0.8669170141220093 399
1723454342483 0.5055896043777466 449
1723454372255 0.2966207265853882 499
1723454395728 0.38845598697662354 549
1723454419333 0.45187729597091675 599
1723454449299 0.07697868347167969 649
1723454472504 0.5201009511947632 699
1723454500624 0.06609003245830536 749
1723454523949 0.0570945218205452 799
1723454546741 0.05163399130105972 849
1723454574425 0.062889963388443 899
1723454597133 0.4139060378074646 949
1723454626450 0.12797391414642334 999
1723454649996 0.032882366329431534 1049
1723454674094 0.030856747180223465 1099
1723454703226 0.07081332802772522 1149
1723454727557 0.22532667219638824 1199
1723454756163 0.024304792284965515 1249
1723454779882 0.01928761415183544 1299
1723454803523 0.02151431143283844 1349
