1725522615642 0 49
1725522622333 0 99
1725522628817 0 149
1725522635538 0 199
1725522642349 0 249
1725522649075 0 299
1725522655829 0 349
1725522662386 0 399
1725522668991 0 449
1725522680413 0 493
1725522682916 1 499
1725522689865 1 549
1725522696742 1 599
1725522703419 1 649
1725522709909 1 699
1725522716746 1 749
1725522723476 1 799
1725522730293 1 849
1725522736900 1 899
1725522743632 1 949
1725522754293 1 987
1725522757698 2 999
1725522764236 2 1049
1725522771207 2 1099
1725522777908 2 1149
1725522785000 2 1199
1725522792224 2 1249
1725522799632 2 1299
1725522806858 2 1349
1725522813779 2 1399
1725522820283 2 1449
1725522830181 2 1481
1725522834473 3 1499
1725522841091 3 1549
1725522847975 3 1599
1725522854705 3 1649
1725522861342 3 1699
1725522868239 3 1749
1725522874841 3 1799
1725522881745 3 1849
1725522888410 3 1899
1725522895080 3 1949
1725522904176 3 1975
1725522909244 4 1999
1725522915900 4 2049
1725522922527 4 2099
1725522929320 4 2149
1725522936299 4 2199
1725522943210 4 2249
1725522950018 4 2299
1725522956903 4 2349
1725522963495 4 2399
1725522970318 4 2449
1725522978563 4 2469
1725522982888 5 2499
1725522989819 5 2549
1725522996505 5 2599
1725523003048 5 2649
1725523010106 5 2699
1725523017239 5 2749
1725523024322 5 2799
1725523030976 5 2849
1725523037751 5 2899
1725523044547 5 2949
1725523052032 5 2963
1725523057117 6 2999
1725523063905 6 3049
1725523070856 6 3099
1725523077878 6 3149
1725523084580 6 3199
1725523091275 6 3249
1725523098164 6 3299
1725523104892 6 3349
1725523111788 6 3399
1725523118544 6 3449
1725523125207 6 3457
