1725522615642 0.5444589853286743 49
1725522622333 0.8080588579177856 99
1725522628817 0.4377594292163849 149
1725522635538 0.8186311721801758 199
1725522642349 0.7806954979896545 249
1725522649075 0.34160321950912476 299
1725522655829 0.8457151651382446 349
1725522662386 0.49943339824676514 399
1725522668991 0.057901401072740555 449
1725522682916 0.1751149743795395 499
1725522689865 0.9809408783912659 549
1725522696742 0.27662232518196106 599
1725522703419 0.6614354848861694 649
1725522709909 0.051122184842824936 699
1725522716746 0.0625026673078537 749
1725522723476 0.11213845014572144 799
1725522730293 0.715817928314209 849
1725522736900 0.08732208609580994 899
1725522743632 0.057921815663576126 949
1725522757698 0.5915817022323608 999
1725522764236 0.0361129529774189 1049
1725522771207 0.024931831285357475 1099
1725522777908 0.019982174038887024 1149
1725522785000 0.08393245190382004 1199
1725522792224 0.2855101525783539 1249
1725522799632 0.025705840438604355 1299
1725522806858 0.47882696986198425 1349
1725522813779 1.7874364852905273 1399
1725522820283 0.03688742592930794 1449
1725522834473 0.0479777529835701 1499
1725522841091 0.022679906338453293 1549
1725522847975 0.03408338502049446 1599
1725522854705 0.019951118156313896 1649
1725522861342 0.010194597765803337 1699
1725522868239 0.008611530996859074 1749
1725522874841 0.01111508533358574 1799
1725522881745 0.022967267781496048 1849
1725522888410 0.03607051074504852 1899
1725522895080 0.032851897180080414 1949
1725522909244 0.016196386888623238 1999
1725522915900 0.016285628080368042 2049
1725522922527 0.010681947693228722 2099
1725522929320 0.01997130922973156 2149
1725522936299 0.00541854090988636 2199
1725522943210 0.035563644021749496 2249
1725522950018 0.007393280044198036 2299
1725522956903 0.016439085826277733 2349
1725522963495 0.009958066046237946 2399
1725522970318 0.006958700716495514 2449
1725522982888 0.011712455190718174 2499
1725522989819 0.004829582758247852 2549
1725522996505 0.005952958017587662 2599
1725523003048 0.005698421970009804 2649
1725523010106 0.009830010123550892 2699
1725523017239 2.3356401920318604 2749
1725523024322 0.018210511654615402 2799
1725523030976 0.004866144619882107 2849
1725523037751 0.0032873861491680145 2899
1725523044547 0.004315144848078489 2949
1725523057117 0.0026706221979111433 2999
1725523063905 0.007994398474693298 3049
1725523070856 0.19031643867492676 3099
1725523077878 0.015861719846725464 3149
1725523084580 0.014466111548244953 3199
1725523091275 0.003853564616292715 3249
1725523098164 0.005196725949645042 3299
1725523104892 0.0037343548610806465 3349
1725523111788 0.0032520098611712456 3399
1725523118544 0.0037483307532966137 3449
