1724828320766 0 49
1724828343403 0 99
1724828359226 0 123
1724828372935 0 149
1724828395784 0 199
1724828422936 0 247
1724828425354 0 249
1724828448566 0 299
1724828471921 0 349
1724828487056 1 371
1724828501895 1 399
1724828525264 1 449
1724828552160 1 495
1724828555686 1 499
1724828578823 1 549
1724828601939 1 599
1724828616303 1 619
1724828632151 1 649
1724828655627 1 699
1724828681141 2 743
1724828683944 2 749
1724828707192 2 799
1724828729564 2 849
1724828742724 2 867
1724828759247 2 899
1724828782517 2 949
1724828806668 2 991
1724828810331 2 999
1724828833499 2 1049
1724828856288 2 1099
1724828868248 3 1115
1724828885348 3 1149
1724828907990 3 1199
1724828931336 3 1239
