1724828320766 0.638758659362793 49
1724828343403 0.5712645053863525 99
1724828372935 0.5572057962417603 149
1724828395784 0.4716687500476837 199
1724828425354 0.230216845870018 249
1724828448566 0.37270912528038025 299
1724828471921 0.4626130163669586 349
1724828501895 0.09002018719911575 399
1724828525264 0.8229876756668091 449
1724828555686 0.15026593208312988 499
1724828578823 0.2074129730463028 549
1724828601939 0.16901861131191254 599
1724828632151 0.15640351176261902 649
1724828655627 0.27183622121810913 699
1724828683944 0.43640264868736267 749
1724828707192 0.08914077281951904 799
1724828729564 0.06306550651788712 849
1724828759247 0.0735802873969078 899
1724828782517 0.19637200236320496 949
1724828810331 0.023569872602820396 999
1724828833499 0.014974422752857208 1049
1724828856288 0.07304772734642029 1099
1724828885348 0.02282807230949402 1149
1724828907990 0.036994077265262604 1199
