1723456322719 0 49
1723456346345 0 99
1723456363115 0 123
1723456377141 0 149
1723456401050 0 199
1723456429231 1 247
1723456431719 1 249
1723456456158 1 299
1723456480503 1 349
1723456496075 1 371
1723456511422 1 399
1723456535712 1 449
1723456562761 2 495
1723456566332 2 499
1723456590894 2 549
1723456615249 2 599
1723456630248 2 619
1723456646573 2 649
1723456670852 2 699
1723456697204 3 743
1723456700205 3 749
1723456724870 3 799
1723456748988 3 849
1723456762823 3 867
1723456778503 3 899
1723456802646 3 949
1723456828249 4 991
1723456833846 4 999
1723456858259 4 1049
1723456882441 4 1099
1723456895279 4 1115
1723456912077 4 1149
1723456936307 4 1199
1723456960744 5 1239
1723456965701 5 1249
1723456990216 5 1299
1723457014731 5 1349
1723457026634 5 1363
