1723456322719 0.6943090558052063 49
1723456346345 0.685682475566864 99
1723456377141 0.606296718120575 149
1723456401050 0.30386900901794434 199
1723456431719 0.36013227701187134 249
1723456456158 0.31863799691200256 299
1723456480503 1.0517525672912598 349
1723456511422 0.949831485748291 399
1723456535712 0.5035256147384644 449
1723456566332 0.32926902174949646 499
1723456590894 0.48822423815727234 549
1723456615249 0.3951249122619629 599
1723456646573 0.08743792027235031 649
1723456670852 0.5404713153839111 699
1723456700205 0.0888037160038948 749
1723456724870 0.12563349306583405 799
1723456748988 0.08393246680498123 849
1723456778503 0.08100493997335434 899
1723456802646 0.4225546717643738 949
1723456833846 0.06655008345842361 999
1723456858259 0.044369108974933624 1049
1723456882441 0.031191091984510422 1099
1723456912077 0.10441388934850693 1149
1723456936307 0.05584699288010597 1199
1723456965701 0.03412056341767311 1249
1723456990216 0.02903801202774048 1299
1723457014731 0.022897785529494286 1349
