1725347099048 0.10827839374542236 49
1725347121635 0.04116193205118179 99
1725347150620 0.043711405247449875 149
1725347173004 0.016087232157588005 199
1725347201964 0.242064967751503 249
1725347224419 0.05393443629145622 299
1725347246986 0.011433937586843967 349
1725347276033 0.016538195312023163 399
1725347298737 0.031492602080106735 449
1725347327947 0.3626817464828491 499
1725347350503 0.062353115528821945 549
1725347374166 0.004390845075249672 599
1725347403485 0.03251711651682854 649
1725347426400 0.007463347632437944 699
