1724842518244 0 49
1724842540698 0 99
1724842556488 0 123
1724842570169 0 149
1724842593151 0 199
1724842620341 1 247
1724842622751 1 249
1724842645601 1 299
1724842668582 1 349
1724842683642 1 371
1724842698142 1 399
1724842721072 1 449
1724842746987 2 495
1724842750611 2 499
1724842773427 2 549
1724842796214 2 599
1724842810288 2 619
1724842825930 2 649
1724842849100 2 699
1724842874281 3 743
1724842878795 3 749
1724842901761 3 799
1724842924502 3 849
1724842937670 3 867
1724842952575 3 899
1724842975642 3 949
1724842999667 4 991
1724843003348 4 999
1724843026403 4 1049
1724843049339 4 1099
1724843061549 4 1115
