1724842518244 0.6714583039283752 49
1724842540698 0.6649781465530396 99
1724842570169 0.5917393565177917 149
1724842593151 0.25228896737098694 199
1724842622751 0.531098484992981 249
1724842645601 0.3325370252132416 299
1724842668582 0.5343595743179321 349
1724842698142 0.9555623531341553 399
1724842721072 0.32769548892974854 449
1724842750611 0.062189437448978424 499
1724842773427 0.27851516008377075 549
1724842796214 0.07649684697389603 599
1724842825930 0.05042919144034386 649
1724842849100 0.3635863959789276 699
1724842878795 0.052958548069000244 749
1724842901761 0.016411712393164635 799
1724842924502 0.015278948470950127 849
1724842952575 0.1263456493616104 899
1724842975642 0.03463292866945267 949
1724843003348 0.011246686801314354 999
1724843026403 0.008690803311765194 1049
1724843049339 0.02216014452278614 1099
