1728038059288 0 49
1728038095148 0 84
1728038105352 0 99
1728038136377 0 149
1728038162819 1 169
1728038182878 1 199
1728038214992 1 249
1728038231315 1 254
1728038261225 1 299
1728038298576 2 338
1728038306694 2 349
1728038335140 2 399
1728038364204 2 423
1728038382711 2 449
1728038414430 2 499
1728038433360 3 508
1728038470489 3 549
1728038520211 3 593
1728038527320 3 599
1728038567311 3 649
1728038604818 4 677
1728038624201 4 699
1728038665361 4 749
1728038688831 4 762
1728038721336 4 799
1728038778221 5 847
1728038782224 5 849
1728038824685 5 899
1728038864945 5 932
1728038881540 5 949
1728038922076 5 999
1728038951117 6 1016
1728038981625 6 1049
1728039021879 6 1099
1728039036885 6 1101
1728039079460 6 1149
1728039125280 7 1186
1728039138118 7 1199
1728039179348 7 1249
1728039210464 7 1271
