1728038059288 0.7167434692382812 49
1728038105352 0.7550739049911499 99
1728038136377 0.8727682828903198 149
1728038182878 0.6302923560142517 199
1728038214992 0.5869625210762024 249
1728038261225 0.6129035949707031 299
1728038306694 0.5136681795120239 349
1728038335140 0.755473256111145 399
1728038382711 0.6482427716255188 449
1728038414430 0.42880550026893616 499
1728038470489 0.6685738563537598 549
1728038527320 0.8977313041687012 599
1728038567311 0.18638959527015686 649
1728038624201 0.37731456756591797 699
1728038665361 0.13043451309204102 749
1728038721336 0.23514318466186523 799
1728038782224 1.2872257232666016 849
1728038824685 0.04578106105327606 899
1728038881540 0.031952083110809326 949
1728038922076 0.07284340262413025 999
1728038981625 0.018008507788181305 1049
1728039021879 0.017704147845506668 1099
1728039079460 0.022656036540865898 1149
1728039138118 0.04866115003824234 1199
1728039179348 0.008747473359107971 1249
