1725289211087 0 49
1725289233638 0 99
1725289249424 0 123
1725289263047 0 149
1725289286080 0 199
1725289313350 0 247
1725289315806 0 249
1725289338969 0 299
1725289362025 0 349
1725289377113 0 371
1725289391363 0 399
1725289414004 0 449
1725289440091 0 495
1725289441925 0 499
1725289464849 0 549
1725289488266 0 599
1725289502497 0 619
1725289517543 0 649
1725289540160 0 699
1725289565094 0 743
1725289569581 0 749
1725289592254 0 799
1725289614890 0 849
1725289627921 0 867
1725289642576 0 899
1725289664936 0 949
1725289688904 0 991
1725289692700 0 999
1725289715498 0 1049
1725289737911 0 1099
1725289750097 0 1115
