1725289211087 0.10825809836387634 49
1725289233638 0.040744248777627945 99
1725289263047 0.054503198713064194 149
1725289286080 0.021511001512408257 199
1725289315806 0.10494086891412735 249
1725289338969 0.03857190161943436 299
1725289362025 0.01629641465842724 349
1725289391363 0.01004456914961338 399
1725289414004 0.011394702829420567 449
1725289441925 0.3652268946170807 499
1725289464849 0.07320787757635117 549
1725289488266 0.005757371429353952 599
1725289517543 0.005052389111369848 649
1725289540160 0.005620473995804787 699
1725289569581 0.02527206391096115 749
1725289592254 0.005464657209813595 799
1725289614890 0.008037556894123554 849
1725289642576 0.20568408071994781 899
1725289664936 0.006114297080785036 949
1725289692700 0.2709830403327942 999
1725289715498 0.005299688316881657 1049
1725289737911 0.007087999954819679 1099
