1725541326867 0 49
1725541366156 0 99
1725541395177 0 123
1725541415318 1 149
1725541454330 1 199
1725541503918 1 247
1725541506202 2 249
1725541545250 2 299
1725541582776 2 349
1725541613159 2 371
1725541641802 3 399
1725541698061 3 449
1725541755650 3 495
1725541762739 4 499
1725541815748 4 549
1725541868474 4 599
1725541901476 4 619
1725541933803 5 649
1725541988320 5 699
1725542046156 5 743
1725542052173 6 749
1725542103087 6 799
1725542155250 6 849
1725542189261 6 867
1725542223054 7 899
1725542273538 7 949
1725542333314 7 991
1725542342594 8 999
1725542392529 8 1049
1725542448723 8 1099
1725542478694 8 1115
1725542514730 9 1149
1725542566935 9 1199
1725542621624 9 1239
