1725541326867 0.5813493728637695 49
1725541366156 0.7756505012512207 99
1725541415318 0.6213026642799377 149
1725541454330 0.5395746827125549 199
1725541506202 0.5798776149749756 249
1725541545250 0.8701287508010864 299
1725541582776 0.6242251396179199 349
1725541641802 0.6073184609413147 399
1725541698061 0.5241225957870483 449
1725541762739 0.32783418893814087 499
1725541815748 0.5902664065361023 549
1725541868474 0.08234262466430664 599
1725541933803 0.7468500733375549 649
1725541988320 0.0979008823633194 699
1725542052173 0.019304299727082253 749
1725542103087 0.012634818442165852 799
1725542155250 0.01455910224467516 849
1725542223054 0.02089749462902546 899
1725542273538 0.005255476571619511 949
1725542342594 0.015998538583517075 999
1725542392529 0.00325482408516109 1049
1725542448723 0.004025145433843136 1099
1725542514730 0.005392208695411682 1149
1725542566935 0.003199000144377351 1199
