1728048238164 0 49
1728048277745 1 85
1728048289244 1 99
1728048326056 1 149
1728048355560 2 170
1728048377770 2 199
1728048414895 2 249
1728048433692 3 255
1728048478854 3 299
1728048533900 4 340
1728048543730 4 349
1728048592900 4 399
1728048634359 5 426
1728048658458 5 449
1728048708745 5 499
1728048732629 6 511
1728048771544 6 549
1728048831447 7 596
1728048834395 7 599
1728048885767 7 649
1728048929866 8 681
1728048948559 8 699
1728048997148 8 749
1728049029274 9 767
1728049063147 9 799
1728049111103 9 849
1728049128233 10 852
1728049175156 10 899
1728049228796 11 937
