1728048238164 0.7395586967468262 49
1728048289244 0.6296662092208862 99
1728048326056 0.6767910718917847 149
1728048377770 0.5938892960548401 199
1728048414895 0.5774919986724854 249
1728048478854 0.5128872394561768 299
1728048543730 0.6130051612854004 349
1728048592900 0.1065988689661026 399
1728048658458 1.0403378009796143 449
1728048708745 0.07644378393888474 499
1728048771544 0.28753095865249634 549
1728048834395 0.1917177438735962 599
1728048885767 0.018428713083267212 649
1728048948559 0.01578603684902191 699
1728048997148 0.11184439808130264 749
1728049063147 0.016111234202980995 799
1728049111103 0.025281857699155807 849
1728049175156 0.01472918689250946 899
