1723462247751 0 49
1723462270422 0 99
1723462286228 0 123
1723462299593 0 149
1723462322425 0 199
1723462349322 1 247
1723462351745 1 249
1723462374527 1 299
1723462397365 1 349
1723462412259 1 371
1723462426647 1 399
1723462449483 1 449
1723462475511 2 495
1723462478962 2 499
1723462501789 2 549
1723462524616 2 599
1723462538647 2 619
1723462553992 2 649
1723462576815 2 699
1723462601669 3 743
1723462604424 3 749
1723462627248 3 799
1723462650086 3 849
1723462663171 3 867
1723462677801 3 899
1723462700551 3 949
1723462724480 4 991
1723462729760 4 999
1723462752614 4 1049
1723462775475 4 1099
1723462787605 4 1115
1723462804770 4 1149
1723462827614 4 1199
1723462850699 5 1239
1723462855277 5 1249
1723462878147 5 1299
1723462900984 5 1349
1723462912181 5 1363
