1723462247751 0.6939066052436829 49
1723462270422 0.6836241483688354 99
1723462299593 0.5751986503601074 149
1723462322425 0.3221054971218109 199
1723462351745 0.3547041416168213 249
1723462374527 0.326642781496048 299
1723462397365 0.8765643239021301 349
1723462426647 0.9651460647583008 399
1723462449483 0.5195434093475342 449
1723462478962 0.32384976744651794 499
1723462501789 0.5204262733459473 549
1723462524616 0.26186367869377136 599
1723462553992 0.08710678666830063 649
1723462576815 0.516460657119751 699
1723462604424 0.1101602166891098 749
1723462627248 0.10221369564533234 799
1723462650086 0.08773461729288101 849
1723462677801 0.08838283270597458 899
1723462700551 0.4090597331523895 949
1723462729760 0.09290609508752823 999
1723462752614 0.06929823756217957 1049
1723462775475 0.03524323180317879 1099
1723462804770 0.08982762694358826 1149
1723462827614 0.2532464861869812 1199
1723462855277 0.032181497663259506 1249
1723462878147 0.034619398415088654 1299
1723462900984 0.21869631111621857 1349
