1723450932338 0.6852447390556335 49
1723450955051 0.581054151058197 99
1723450984548 0.4388295114040375 149
1723451007529 0.24285492300987244 199
1723451037161 0.41696539521217346 249
1723451060119 0.11016122996807098 299
1723451083018 0.39782705903053284 349
1723451112511 0.8004334568977356 399
1723451135378 0.19015584886074066 449
1723451164824 0.027535738423466682 499
1723451187870 0.3134918808937073 549
1723451210746 0.014205299317836761 599
1723451238718 0.4484662711620331 649
1723451262206 0.3334093987941742 699
1723451290684 0.09542024880647659 749
1723451314495 0.042183391749858856 799
1723451338493 0.007641928270459175 849
