1722956469679 0 49
1722956492154 0 99
1722956507389 0 122
1722956521011 0 149
1722956545129 0 199
1722956571004 0 245
1722956574172 1 249
1722956596723 1 299
1722956619202 1 349
1722956632667 1 368
1722956646830 1 399
1722956669448 1 449
1722956693143 1 491
1722956696599 2 499
1722956719165 2 549
1722956741819 2 599
1722956753468 2 614
1722956769308 2 649
1722956791800 2 699
1722956813880 2 737
1722956819148 3 749
1722956841816 3 799
1722956864484 3 849
1722956874337 3 860
1722956892043 3 899
1722956914733 3 949
1722956934959 3 983
