1722956469679 0.6912111639976501 49
1722956492154 0.6701514720916748 99
1722956521011 0.4426049292087555 149
1722956545129 0.4665791988372803 199
1722956574172 0.44458475708961487 249
1722956596723 0.3377726376056671 299
1722956619202 0.3552067279815674 349
1722956646830 0.10742805898189545 399
1722956669448 0.6095952987670898 449
1722956696599 0.3414618670940399 499
1722956719165 0.2764638066291809 549
1722956741819 0.03660396486520767 599
1722956769308 0.03242773935198784 649
1722956791800 0.3113742768764496 699
1722956819148 0.17694096267223358 749
1722956841816 0.08374620229005814 799
1722956864484 0.1532263308763504 849
1722956892043 0.44512495398521423 899
1722956914733 0.20570141077041626 949
