1723469521711 0 49
1723469545500 0 99
1723469562098 0 123
1723469576410 0 149
1723469600374 0 199
1723469628592 1 247
1723469631100 1 249
1723469655506 1 299
1723469679469 1 349
1723469695323 1 371
1723469711573 1 399
1723469736081 1 449
1723469764234 2 495
1723469767873 2 499
1723469792334 2 549
1723469816242 2 599
1723469830962 2 619
1723469847256 2 649
1723469871610 2 699
1723469897541 3 743
1723469900494 3 749
1723469924541 3 799
1723469948345 3 849
1723469961997 3 867
1723469977645 3 899
1723470001373 3 949
1723470026330 4 991
1723470031942 4 999
1723470055985 4 1049
1723470079848 4 1099
1723470092520 4 1115
1723470108754 4 1149
1723470132607 4 1199
1723470156687 5 1239
1723470163245 5 1249
1723470187680 5 1299
1723470211691 5 1349
1723470223453 5 1363
1723470240820 5 1399
1723470264840 5 1449
1723470288274 6 1487
1723470295707 6 1499
1723470320000 6 1549
1723470344261 6 1599
1723470355081 6 1611
1723470374664 6 1649
1723470398517 6 1699
1723470420655 7 1735
1723470427368 7 1749
1723470451557 7 1799
1723470475934 7 1849
1723470486022 7 1859
1723470505468 7 1899
1723470529602 7 1949
1723470550913 8 1983
