1723469521711 0.6938024759292603 49
1723469545500 0.6863389611244202 99
1723469576410 0.594126284122467 149
1723469600374 0.29305893182754517 199
1723469631100 0.3689199984073639 249
1723469655506 0.30135783553123474 299
1723469679469 1.0330817699432373 349
1723469711573 0.9612864255905151 399
1723469736081 0.5385854840278625 449
1723469767873 0.28447219729423523 499
1723469792334 0.3833152949810028 549
1723469816242 0.35799703001976013 599
1723469847256 0.08396674692630768 649
1723469871610 0.5376994609832764 699
1723469900494 0.06839392334222794 749
1723469924541 0.07655303180217743 799
1723469948345 0.07044394314289093 849
1723469977645 0.06673381477594376 899
1723470001373 0.43312281370162964 949
1723470031942 0.10054886341094971 999
1723470055985 0.08323989808559418 1049
1723470079848 0.032919760793447495 1099
1723470108754 0.13527800142765045 1149
1723470132607 0.037112195044755936 1199
1723470163245 0.025690976530313492 1249
1723470187680 0.03705194219946861 1299
1723470211691 0.10044360160827637 1349
1723470240820 0.01762557402253151 1399
1723470264840 0.023963620886206627 1449
1723470295707 0.023305142298340797 1499
1723470320000 0.02065322920680046 1549
1723470344261 0.014113621786236763 1599
1723470374664 0.016589239239692688 1649
1723470398517 0.011383169330656528 1699
1723470427368 0.013793231919407845 1749
1723470451557 0.012286285869777203 1799
1723470475934 0.00875322800129652 1849
1723470505468 0.008455093018710613 1899
1723470529602 0.008677627891302109 1949
