1723474767867 0 49
1723474790701 0 99
1723474806305 0 123
1723474819835 1 149
1723474842670 1 199
1723474871252 1 247
1723474873842 2 249
1723474896651 2 299
1723474919504 2 349
1723474934164 2 371
1723474948672 3 399
1723474971517 3 449
1723474997500 3 495
1723475001095 4 499
1723475023914 4 549
1723475046732 4 599
1723475060468 4 619
1723475074352 5 649
1723475097173 5 699
1723475121867 5 743
1723475126380 6 749
1723475149174 6 799
1723475171997 6 849
1723475184824 6 867
1723475199606 7 899
1723475222457 7 949
1723475246280 7 991
1723475251719 8 999
1723475274469 8 1049
1723475297340 8 1099
1723475309293 8 1115
1723475325016 9 1149
1723475347978 9 1199
1723475370881 9 1239
1723475377227 10 1249
1723475400040 10 1299
1723475422836 10 1349
1723475433870 10 1363
