1723474767867 0.6775922775268555 49
1723474790701 0.6806396245956421 99
1723474819835 0.4958499073982239 149
1723474842670 0.38193461298942566 199
1723474873842 0.20559920370578766 249
1723474896651 0.14896516501903534 299
1723474919504 0.32365667819976807 349
1723474948672 0.17064586281776428 399
1723474971517 0.11194898188114166 449
1723475001095 0.054791808128356934 499
1723475023914 0.03272814303636551 549
1723475046732 0.060896389186382294 599
1723475074352 0.4703170657157898 649
1723475097173 0.024044444784522057 699
1723475126380 0.02450450323522091 749
1723475149174 0.034560468047857285 799
1723475171997 0.017840616405010223 849
1723475199606 0.01998353749513626 899
1723475222457 0.013411825522780418 949
1723475251719 0.014590423554182053 999
1723475274469 0.012728109955787659 1049
1723475297340 0.3492443561553955 1099
1723475325016 0.013074490241706371 1149
1723475347978 0.014146220870316029 1199
1723475377227 0.009537077508866787 1249
1723475400040 0.009638288989663124 1299
1723475422836 0.021592745557427406 1349
