1723040025598 0 49
1723040048077 0 99
1723040063337 0 122
1723040077056 0 149
1723040099600 1 199
1723040125605 1 245
1723040129038 1 249
1723040153369 1 299
1723040177816 1 349
1723040192258 1 368
1723040208909 2 399
1723040232890 2 449
1723040258594 2 491
1723040264200 2 499
1723040288617 2 549
1723040312590 3 599
1723040324931 3 614
1723040343390 3 649
1723040367480 3 699
1723040391574 3 737
1723040397341 4 749
1723040421732 4 799
1723040445602 4 849
1723040456026 4 860
1723040474765 4 899
1723040498636 5 949
1723040520362 5 983
