1723040025598 0.6862989664077759 49
1723040048077 0.6575168967247009 99
1723040077056 0.27918341755867004 149
1723040099600 0.4126046597957611 199
1723040129038 0.49235063791275024 249
1723040153369 0.4714061915874481 299
1723040177816 0.693642258644104 349
1723040208909 0.2840646207332611 399
1723040232890 0.47891145944595337 449
1723040264200 0.20610439777374268 499
1723040288617 0.06966628134250641 549
1723040312590 0.0928005576133728 599
1723040343390 0.036508604884147644 649
1723040367480 0.11213385313749313 699
1723040397341 0.033818453550338745 749
1723040421732 0.03566959500312805 799
1723040445602 0.020288849249482155 849
1723040474765 0.018432708457112312 899
1723040498636 0.01660863868892193 949
