1723036295514 0.68901526927948 49
1723036319618 0.60968017578125 99
1723036350457 0.5125653147697449 149
1723036374619 0.2626480758190155 199
1723036405592 0.23183096945285797 249
1723036429686 0.2346496880054474 299
1723036454073 0.18101653456687927 349
1723036483536 0.06983932107686996 399
1723036507471 0.06529267877340317 449
1723036536827 0.20743587613105774 499
1723036561100 0.10985946655273438 549
1723036585083 0.045624859631061554 599
1723036614434 0.050994761288166046 649
1723036638562 0.44470664858818054 699
1723036667645 0.035677723586559296 749
1723036691944 0.024430440738797188 799
1723036716063 0.018900340422987938 849
