1724840095436 0 49
1724840118620 0 99
1724840134757 0 123
1724840148372 0 149
1724840171334 0 199
1724840198873 1 247
1724840201408 1 249
1724840224266 1 299
1724840247891 1 349
1724840262783 1 371
1724840277132 1 399
1724840300064 1 449
1724840327870 2 495
1724840331482 2 499
1724840355953 2 549
1724840380642 2 599
1724840395878 2 619
1724840411915 2 649
1724840435367 2 699
1724840460124 3 743
1724840462994 3 749
1724840485881 3 799
1724840508724 3 849
1724840521887 3 867
1724840536474 3 899
1724840559347 3 949
1724840583148 4 991
1724840588308 4 999
1724840611206 4 1049
1724840634489 4 1099
1724840646718 4 1115
1724840662208 4 1149
1724840685155 4 1199
1724840708215 5 1239
1724840712813 5 1249
1724840736015 5 1299
1724840759577 5 1349
1724840771201 5 1363
