1724840095436 0.698599100112915 49
1724840118620 0.7026206851005554 99
1724840148372 0.6648836135864258 149
1724840171334 0.43800997734069824 199
1724840201408 0.454224169254303 249
1724840224266 0.36927902698516846 299
1724840247891 0.5244672298431396 349
1724840277132 0.5656055212020874 399
1724840300064 0.5031811594963074 449
1724840331482 0.26624733209609985 499
1724840355953 0.31515955924987793 549
1724840380642 0.1670539528131485 599
1724840411915 0.08537346124649048 649
1724840435367 0.409086138010025 699
1724840462994 0.13007250428199768 749
1724840485881 0.05658918619155884 799
1724840508724 0.07335968315601349 849
1724840536474 0.13830941915512085 899
1724840559347 0.4475569725036621 949
1724840588308 0.10247009247541428 999
1724840611206 0.029718760401010513 1049
1724840634489 0.037153493613004684 1099
1724840662208 0.05074907839298248 1149
1724840685155 0.0337955616414547 1199
1724840712813 0.019847508519887924 1249
1724840736015 0.01529595535248518 1299
1724840759577 0.014957903884351254 1349
