1723027340501 0 49
1723027364202 0 99
1723027380320 0 122
1723027394818 0 149
1723027418621 0 199
1723027445892 0 245
1723027449195 1 249
1723027473377 1 299
1723027497245 1 349
1723027511920 1 368
1723027526902 1 399
1723027550931 1 449
1723027576087 1 491
1723027579803 2 499
1723027603836 2 549
1723027627907 2 599
1723027640287 2 614
1723027657219 2 649
1723027681096 2 699
1723027704583 2 737
1723027710223 3 749
1723027734299 3 799
1723027758360 3 849
1723027768800 3 860
1723027787764 3 899
1723027811993 3 949
1723027833715 3 983
1723027841220 4 999
