1723027340501 0.6847911477088928 49
1723027364202 0.6216834187507629 99
1723027394818 0.4019376337528229 149
1723027418621 0.46108612418174744 199
1723027449195 0.4210313856601715 249
1723027473377 0.40277284383773804 299
1723027497245 0.5414964556694031 349
1723027526902 0.09197948127985 399
1723027550931 0.6173312067985535 449
1723027579803 0.2147011160850525 499
1723027603836 0.22270406782627106 549
1723027627907 0.030753519386053085 599
1723027657219 0.029696162790060043 649
1723027681096 0.31322264671325684 699
1723027710223 0.07191560417413712 749
1723027734299 0.07891657948493958 799
1723027758360 0.19844241440296173 849
1723027787764 0.4999525547027588 899
1723027811993 0.07659333199262619 949
1723027841220 0.11579408496618271 999
