1724149552798 0 49
1724149566758 0 99
1724149579585 0 149
1724149592741 0 199
1724149606770 0 249
1724149619577 0 299
1724149632733 0 349
1724149646102 0 399
1724149660073 0 449
1724149683338 0 493
1724149687185 1 499
1724149700362 1 549
1724149713129 1 599
1724149728844 1 649
1724149741527 1 699
1724149755641 1 749
1724149768952 1 799
1724149781738 1 849
1724149795568 1 899
1724149809914 1 949
1724149832084 1 987
1724149837589 2 999
1724149850922 2 1049
1724149864615 2 1099
1724149877116 2 1149
1724149891249 2 1199
1724149904559 2 1249
1724149916721 2 1299
1724149932412 2 1349
1724149945026 2 1399
1724149959432 2 1449
1724149980712 2 1481
1724149988138 3 1499
1724150001348 3 1549
1724150013824 3 1599
1724150028306 3 1649
1724150041039 3 1699
1724150055689 3 1749
1724150069854 3 1799
1724150084455 3 1849
1724150097700 3 1899
1724150110458 3 1949
1724150130298 3 1975
1724150138395 4 1999
1724150151966 4 2049
1724150164480 4 2099
1724150177451 4 2149
1724150191516 4 2199
1724150205388 4 2249
1724150218450 4 2299
1724150233044 4 2349
1724150246677 4 2399
1724150261306 4 2449
1724150278631 4 2469
1724150288233 5 2499
1724150301293 5 2549
1724150315586 5 2599
1724150328382 5 2649
1724150342030 5 2699
1724150356494 5 2749
1724150369130 5 2799
1724150383437 5 2849
1724150396781 5 2899
1724150411070 5 2949
1724150427845 5 2963
1724150439944 6 2999
1724150453802 6 3049
1724150467969 6 3099
1724150481035 6 3149
1724150494764 6 3199
1724150509710 6 3249
1724150523364 6 3299
1724150536173 6 3349
1724150549989 6 3399
1724150562505 6 3449
1724150577252 6 3457
1724150590386 7 3499
1724150603726 7 3549
1724150618775 7 3599
1724150632269 7 3649
1724150645487 7 3699
1724150658670 7 3749
1724150673043 7 3799
1724150686111 7 3849
1724150698716 7 3899
1724150712416 7 3949
1724150725360 7 3951
