1724149552798 0.6164549589157104 49
1724149566758 0.5744395852088928 99
1724149579585 0.7162802219390869 149
1724149592741 0.6700025796890259 199
1724149606770 0.5290565490722656 249
1724149619577 0.8840342164039612 299
1724149632733 0.5090402364730835 349
1724149646102 0.5880790948867798 399
1724149660073 0.5482466816902161 449
1724149687185 0.5743606686592102 499
1724149700362 0.898396372795105 549
1724149713129 0.5405514240264893 599
1724149728844 0.4571443796157837 649
1724149741527 0.48605841398239136 699
1724149755641 0.3146929144859314 749
1724149768952 0.2069748044013977 799
1724149781738 0.28306740522384644 849
1724149795568 0.8399414420127869 899
1724149809914 0.1769469976425171 949
1724149837589 1.751539707183838 999
1724149850922 0.09363482892513275 1049
1724149864615 0.5418601632118225 1099
1724149877116 0.16210880875587463 1149
1724149891249 0.10544723272323608 1199
1724149904559 0.942848265171051 1249
1724149916721 0.6000266671180725 1299
1724149932412 0.05813521891832352 1349
1724149945026 0.0700540691614151 1399
1724149959432 0.6087434887886047 1449
1724149988138 0.424280047416687 1499
1724150001348 0.07935521006584167 1549
1724150013824 0.2602919936180115 1599
1724150028306 0.46736639738082886 1649
1724150041039 0.051033347845077515 1699
1724150055689 0.03194686397910118 1749
1724150069854 0.06422220170497894 1799
1724150084455 0.09648245573043823 1849
1724150097700 0.04056766629219055 1899
1724150110458 0.039734311401844025 1949
1724150138395 0.3560289144515991 1999
1724150151966 0.048315368592739105 2049
1724150164480 0.030214060097932816 2099
1724150177451 0.01965630054473877 2149
1724150191516 0.01615487039089203 2199
1724150205388 0.07925758510828018 2249
1724150218450 0.024550577625632286 2299
1724150233044 0.02264353446662426 2349
1724150246677 0.02787921018898487 2399
1724150261306 0.1430760622024536 2449
1724150288233 0.057352013885974884 2499
1724150301293 0.04582466930150986 2549
1724150315586 0.04426680877804756 2599
1724150328382 0.010608026757836342 2649
1724150342030 0.017849493771791458 2699
1724150356494 0.007080002687871456 2749
1724150369130 0.015623016282916069 2799
1724150383437 0.012964255176484585 2849
1724150396781 0.0646568238735199 2899
1724150411070 0.13276927173137665 2949
1724150439944 0.007432340178638697 2999
1724150453802 0.008709861896932125 3049
1724150467969 0.010802296921610832 3099
1724150481035 0.007804668042808771 3149
1724150494764 1.5759053230285645 3199
1724150509710 0.020560478791594505 3249
1724150523364 0.012519309297204018 3299
1724150536173 0.007358534261584282 3349
1724150549989 0.006414046976715326 3399
1724150562505 0.012280318886041641 3449
1724150590386 0.06856604665517807 3499
1724150603726 0.028065625578165054 3549
1724150618775 0.009253384545445442 3599
1724150632269 0.015492193400859833 3649
1724150645487 0.007303865626454353 3699
1724150658670 0.005929937120527029 3749
1724150673043 0.007744878530502319 3799
1724150686111 0.008160511963069439 3849
1724150698716 0.002895024372264743 3899
1724150712416 0.0037280498072504997 3949
