1725890450826 0.00011224015179323032 49
1725890462916 0.5725346803665161 99
1725890475010 3.1328392028808594 149
1725890487272 80.64700317382812 199
1725890507098 93.43913269042969 249
1725890519185 39.074459075927734 299
1725890531316 185.9471893310547 349
1725890543206 19.544864654541016 399
1725890555583 94.72825622558594 449
1725890575603 28.222023010253906 499
1725890587742 122.75135803222656 549
1725890600351 0.0 599
1725890612462 80.3823013305664 649
1725890624708 17.357595443725586 699
1725890644641 41.52894973754883 749
1725890657110 26.941389083862305 799
1725890668707 102.41444396972656 849
1725890681138 184.34564208984375 899
1725890693115 64.23960876464844 949
