1722329258895 0 49
1722329280836 0 99
1722329295723 0 122
1722329309170 0 149
1722329331391 0 199
1722329356558 0 245
1722329359856 0 249
1722329381896 0 299
1722329404272 0 349
1722329417613 0 368
1722329433386 1 399
1722329455766 1 449
1722329479262 1 491
1722329484434 1 499
1722329507009 1 549
1722329529471 1 599
1722329541073 1 614
1722329558370 1 649
1722329580690 1 699
1722329602711 1 737
1722329608070 2 749
1722329630415 2 799
1722329652826 2 849
1722329662671 2 860
1722329680181 2 899
1722329702552 2 949
1722329722607 2 983
