1722329258895 0.33298444747924805 49
1722329280836 0.31180959939956665 99
1722329309170 0.05683141201734543 149
1722329331391 0.11792963743209839 199
1722329359856 0.14733748137950897 249
1722329381896 0.04209158942103386 299
1722329404272 0.16878828406333923 349
1722329433386 0.15102951228618622 399
1722329455766 0.5534012913703918 449
1722329484434 0.03158731013536453 499
1722329507009 0.020871084183454514 549
1722329529471 0.13232003152370453 599
1722329558370 0.0050062318332493305 649
1722329580690 0.009645449928939342 699
1722329608070 0.03973960876464844 749
1722329630415 0.008666363544762135 799
1722329652826 0.012158682569861412 849
1722329680181 0.010753048583865166 899
1722329702552 0.0041597806848585606 949
