1725523947708 0 49
1725523954551 0 99
1725523961183 0 149
1725523968057 0 199
1725523975017 0 249
1725523981890 0 299
1725523988800 0 349
1725523995502 0 399
1725524002268 0 449
1725524014134 0 493
1725524016718 1 499
1725524023868 1 549
1725524030983 1 599
1725524037944 1 649
1725524044787 1 699
1725524051878 1 749
1725524058462 1 799
1725524065231 1 849
1725524071808 1 899
1725524078543 1 949
1725524089468 1 987
1725524092883 2 999
1725524099448 2 1049
1725524106411 2 1099
1725524112949 2 1149
1725524119804 2 1199
1725524126442 2 1249
