1725523947708 0.5444589853286743 49
1725523954551 0.8080588579177856 99
1725523961183 0.4377594292163849 149
1725523968057 0.8186311721801758 199
1725523975017 0.7806954979896545 249
1725523981890 0.34160321950912476 299
1725523988800 0.8457151651382446 349
1725523995502 0.49943339824676514 399
1725524002268 0.057901401072740555 449
1725524016718 0.1751149743795395 499
1725524023868 0.9809408783912659 549
1725524030983 0.27662232518196106 599
1725524037944 0.6614354848861694 649
1725524044787 0.051122184842824936 699
1725524051878 0.0625026673078537 749
1725524058462 0.11213845014572144 799
1725524065231 0.715817928314209 849
1725524071808 0.08732208609580994 899
1725524078543 0.057921815663576126 949
1725524092883 0.5915817022323608 999
1725524099448 0.0361129529774189 1049
1725524106411 0.024931831285357475 1099
1725524112949 0.019982174038887024 1149
1725524119804 0.08393245190382004 1199
1725524126442 0.2855101525783539 1249
