1723545647702 0 49
1723545670933 0 99
1723545687241 0 123
1723545701309 0 149
1723545725218 0 199
1723545753366 1 247
1723545755919 1 249
1723545779831 1 299
1723545804030 1 349
1723545819698 1 371
1723545834772 1 399
1723545858411 1 449
1723545885417 2 495
1723545889099 2 499
1723545912864 2 549
1723545936631 2 599
1723545951283 2 619
1723545967341 2 649
1723545991138 2 699
1723546017070 3 743
1723546021691 3 749
1723546045564 3 799
1723546069406 3 849
1723546083092 3 867
1723546098492 3 899
1723546122518 3 949
1723546147553 4 991
