1723545647702 0.697151243686676 49
1723545670933 0.6920164227485657 99
1723545701309 0.6049542427062988 149
1723545725218 0.26801323890686035 199
1723545755919 0.3422958552837372 249
1723545779831 0.21234779059886932 299
1723545804030 0.8446418642997742 349
1723545834772 0.26944175362586975 399
1723545858411 0.4542198181152344 449
1723545889099 0.19745823740959167 499
1723545912864 0.2510767877101898 549
1723545936631 0.2143256813287735 599
1723545967341 0.06722822785377502 649
1723545991138 0.42222294211387634 699
1723546021691 0.06845752894878387 749
1723546045564 0.07797836512327194 799
1723546069406 0.0726628452539444 849
1723546098492 0.05780273303389549 899
1723546122518 0.44595763087272644 949
