1723467090864 0 49
1723467114052 0 99
1723467130358 0 123
1723467144148 0 149
1723467168111 0 199
1723467195914 1 247
1723467198424 1 249
1723467222618 1 299
1723467246303 1 349
1723467261782 1 371
1723467277076 1 399
1723467301473 1 449
1723467328479 2 495
1723467332139 2 499
1723467356320 2 549
1723467380284 2 599
1723467395033 2 619
1723467411423 2 649
1723467435629 2 699
1723467461753 3 743
1723467464725 3 749
1723467489170 3 799
1723467513214 3 849
1723467526990 3 867
1723467542607 3 899
1723467566483 3 949
1723467591524 4 991
