1723467090864 0.6941086053848267 49
1723467114052 0.6848623752593994 99
1723467144148 0.5441906452178955 149
1723467168111 0.28288134932518005 199
1723467198424 0.3439691364765167 249
1723467222618 0.2801670432090759 299
1723467246303 0.9187359809875488 349
1723467277076 0.8655087351799011 399
1723467301473 0.5076184272766113 449
1723467332139 0.28755873441696167 499
1723467356320 0.4397555887699127 549
1723467380284 0.44814199209213257 599
1723467411423 0.07503402233123779 649
1723467435629 0.49130135774612427 699
1723467464725 0.07388261705636978 749
1723467489170 0.06143716350197792 799
1723467513214 0.05602635070681572 849
1723467542607 0.06204025819897652 899
1723467566483 0.4098348319530487 949
