1725362349967 0 49
1725362402355 0 99
1725362440165 0 123
1725362470232 1 149
1725362522197 1 199
1725362582639 1 247
1725362586676 2 249
1725362639309 2 299
1725362689474 2 349
1725362724914 2 371
1725362756037 3 399
1725362806781 3 449
1725362866080 3 495
1725362872133 4 499
1725362920917 4 549
1725362972829 4 599
1725363008416 4 619
1725363040818 5 649
1725363092595 5 699
1725363148785 5 743
1725363156539 6 749
1725363211971 6 799
1725363260337 6 849
1725363292741 6 867
1725363328587 7 899
1725363378668 7 949
1725363433912 7 991
1725363443978 8 999
1725363492359 8 1049
1725363545834 8 1099
1725363574249 8 1115
1725363606518 9 1149
1725363658504 9 1199
1725363714414 9 1239
