1725362349967 0.7134557366371155 49
1725362402355 0.5640342235565186 99
1725362470232 0.6668136119842529 149
1725362522197 0.6313440799713135 199
1725362586676 0.6088404655456543 249
1725362639309 0.5839332342147827 299
1725362689474 0.34919142723083496 349
1725362756037 0.8046308159828186 399
1725362806781 0.3812694251537323 449
1725362872133 0.6087624430656433 499
1725362920917 0.8262305855751038 549
1725362972829 0.14485591650009155 599
1725363040818 0.32860130071640015 649
1725363092595 0.149438738822937 699
1725363156539 0.15198348462581635 749
1725363211971 0.2059869021177292 799
1725363260337 0.17548513412475586 849
1725363328587 0.07203792035579681 899
1725363378668 0.04414338991045952 949
1725363443978 0.1652158498764038 999
1725363492359 0.12465624511241913 1049
1725363545834 0.04325282201170921 1099
1725363606518 0.12386671453714371 1149
1725363658504 0.12461227178573608 1199
