1723454863437 0 49
1723454886224 0 99
1723454902709 0 123
1723454916578 0 149
1723454939875 0 199
1723454967140 1 247
1723454969585 1 249
1723454994171 1 299
1723455018298 1 349
1723455034226 1 371
1723455051217 1 399
1723455074517 1 449
1723455100531 2 495
1723455104031 2 499
1723455127422 2 549
1723455150432 2 599
1723455164744 2 619
1723455180498 2 649
1723455204722 2 699
1723455230964 3 743
1723455233853 3 749
1723455257923 3 799
1723455281534 3 849
1723455294864 3 867
1723455309742 3 899
1723455332960 3 949
1723455358102 4 991
