1723454863437 0.6941350698471069 49
1723454886224 0.6851016283035278 99
1723454916578 0.5494167804718018 149
1723454939875 0.30119457840919495 199
1723454969585 0.32472577691078186 249
1723454994171 0.27215495705604553 299
1723455018298 0.9514952301979065 349
1723455051217 0.9045058488845825 399
1723455074517 0.5016094446182251 449
1723455104031 0.303617000579834 499
1723455127422 0.3101981580257416 549
1723455150432 0.3907720446586609 599
1723455180498 0.0805119201540947 649
1723455204722 0.5586009621620178 699
1723455233853 0.06849431246519089 749
1723455257923 0.05033683776855469 799
1723455281534 0.05275601148605347 849
1723455309742 0.0580735020339489 899
1723455332960 0.3940049111843109 949
