1724840976421 0 49
1724840998571 0 99
1724841014216 0 123
1724841027860 0 149
1724841050603 0 199
1724841077226 1 247
1724841079606 1 249
1724841102119 1 299
1724841124730 1 349
1724841139726 1 371
1724841154245 1 399
1724841176858 1 449
1724841202579 2 495
1724841206057 2 499
1724841228658 2 549
1724841251367 2 599
1724841265635 2 619
1724841281055 2 649
1724841304028 2 699
1724841328967 3 743
1724841331715 3 749
1724841354691 3 799
1724841378026 3 849
1724841391496 3 867
1724841408043 3 899
1724841430955 3 949
1724841455427 4 991
1724841460736 4 999
1724841483676 4 1049
1724841506413 4 1099
1724841518586 4 1115
1724841534128 4 1149
1724841556766 4 1199
1724841579706 5 1239
1724841586084 5 1249
1724841609001 5 1299
1724841631702 5 1349
1724841642974 5 1363
