1724840976421 0.6984208226203918 49
1724840998571 0.7001626491546631 99
1724841027860 0.6022908687591553 149
1724841050603 0.3211192190647125 199
1724841079606 0.4543376564979553 249
1724841102119 0.3171495795249939 299
1724841124730 0.42495158314704895 349
1724841154245 0.5280000567436218 399
1724841176858 0.469535231590271 449
1724841206057 0.20481756329536438 499
1724841228658 0.15325883030891418 549
1724841251367 0.12640035152435303 599
1724841281055 0.06276459991931915 649
1724841304028 0.404351145029068 699
1724841331715 0.1469629555940628 749
1724841354691 0.056697629392147064 799
1724841378026 0.2431046962738037 849
1724841408043 0.17326004803180695 899
1724841430955 0.4179965853691101 949
1724841460736 0.03484088554978371 999
1724841483676 0.022406386211514473 1049
1724841506413 0.02494494616985321 1099
1724841534128 0.02038649283349514 1149
1724841556766 0.02324989065527916 1199
1724841586084 0.01276403572410345 1249
1724841609001 0.017772024497389793 1299
1724841631702 0.00831653457134962 1349
