1721903159853 0 49
1721903182592 0 99
1721903198179 0 123
1721903211928 1 149
1721903235501 1 199
1721903262236 1 247
1721903264910 2 249
1721903287755 2 299
1721903310819 2 349
1721903325729 2 371
1721903340635 3 399
1721903363631 3 449
1721903389142 3 495
1721903392927 4 499
1721903415893 4 549
1721903438778 4 599
1721903452634 4 619
1721903468362 5 649
1721903491326 5 699
1721903516290 5 743
1721903521035 6 749
1721903544304 6 799
1721903567356 6 849
1721903580380 6 867
1721903595460 7 899
1721903618447 7 949
1721903642489 7 991
