1721903159853 0.670926570892334 49
1721903182592 0.4183252453804016 99
1721903211928 0.531795859336853 149
1721903235501 1.0653680562973022 199
1721903264910 0.3954363465309143 249
1721903287755 0.3779112696647644 299
1721903310819 0.4967105984687805 349
1721903340635 0.29872363805770874 399
1721903363631 0.16249895095825195 449
1721903392927 0.09284256398677826 499
1721903415893 0.05679609626531601 549
1721903438778 0.05258624628186226 599
1721903468362 0.03553727641701698 649
1721903491326 0.012328477576375008 699
1721903521035 0.014257187955081463 749
1721903544304 0.022818081080913544 799
1721903567356 0.007305252831429243 849
1721903595460 0.009438930079340935 899
1721903618447 0.005386774893850088 949
