1723026790120 0.6847911477088928 49
1723026814099 0.6216834187507629 99
1723026844642 0.4019376337528229 149
1723026868375 0.46108612418174744 199
1723026898748 0.4210313856601715 249
1723026922839 0.40277284383773804 299
1723026946710 0.5414964556694031 349
1723026975861 0.09197948127985 399
1723026999879 0.6173312067985535 449
1723027028655 0.2147011160850525 499
1723027052607 0.22270406782627106 549
1723027076841 0.030753519386053085 599
1723027106232 0.029696162790060043 649
1723027130349 0.31322264671325684 699
1723027159516 0.07191560417413712 749
1723027183576 0.07891657948493958 799
1723027207616 0.19844241440296173 849
1723027237065 0.4999525547027588 899
