1726136684592 0.7737159729003906 49
1726136713052 0.7069313526153564 99
1726136751832 0.7519237995147705 149
1726136779908 0.2634828984737396 199
1726136818454 0.3143235146999359 249
1726136845898 0.05991910398006439 299
1726136874662 0.23692657053470612 349
1726136913074 0.16966234147548676 399
1726136941102 0.13613751530647278 449
1726136980173 0.08540038019418716 499
1726137008287 0.40574386715888977 549
1726137036121 0.025559475645422935 599
1726137075236 0.08773258328437805 649
1726137102972 0.04725443199276924 699
1726137137475 0.019956283271312714 749
1726137164996 0.02695430815219879 799
1726137193331 0.013229332864284515 849
