1723028457032 0.6847911477088928 49
1723028480820 0.6216834187507629 99
1723028511461 0.4019376337528229 149
1723028535231 0.46108612418174744 199
1723028565652 0.4210313856601715 249
1723028589672 0.4065988063812256 299
1723028613564 0.5517867803573608 349
1723028642747 0.09188812971115112 399
1723028666874 0.6366931796073914 449
1723028695671 0.2229267954826355 499
1723028719641 0.20782431960105896 549
1723028743715 0.02935563027858734 599
1723028773075 0.028361985459923744 649
1723028797012 0.30569180846214294 699
1723028826106 0.07536051422357559 749
