1724144223561 0 49
1724144236736 0 99
1724144248166 0 149
1724144263027 0 199
1724144278603 0 249
1724144291989 0 299
1724144307005 0 349
1724144318898 0 399
1724144333652 0 449
1724144358464 0 493
1724144361395 1 499
1724144375975 1 549
1724144389933 1 599
1724144403743 1 649
1724144416219 1 699
1724144429852 1 749
1724144443392 1 799
1724144457056 1 849
1724144470396 1 899
1724144485602 1 949
1724144508006 1 987
1724144514012 2 999
1724144526170 2 1049
1724144542206 2 1099
1724144555486 2 1149
1724144569338 2 1199
1724144583073 2 1249
1724144597072 2 1299
1724144609403 2 1349
1724144623254 2 1399
1724144634785 2 1449
1724144655884 2 1481
1724144661832 3 1499
1724144674593 3 1549
1724144689840 3 1599
1724144704833 3 1649
1724144717626 3 1699
1724144733129 3 1749
1724144746601 3 1799
1724144759276 3 1849
1724144771080 3 1899
1724144783952 3 1949
1724144803375 3 1975
1724144812412 4 1999
1724144825879 4 2049
1724144839007 4 2099
1724144852044 4 2149
1724144866134 4 2199
1724144880362 4 2249
1724144894416 4 2299
1724144907056 4 2349
1724144920623 4 2399
1724144934519 4 2449
1724144952189 4 2469
1724144962038 5 2499
1724144976309 5 2549
1724144989662 5 2599
1724145002503 5 2649
1724145015376 5 2699
1724145029308 5 2749
1724145043066 5 2799
1724145055640 5 2849
1724145069000 5 2899
1724145082146 5 2949
1724145098896 5 2963
1724145109362 6 2999
1724145122475 6 3049
1724145135654 6 3099
1724145149817 6 3149
1724145163388 6 3199
1724145176415 6 3249
1724145190208 6 3299
1724145202815 6 3349
1724145216594 6 3399
1724145230540 6 3449
1724145245189 6 3457
1724145256750 7 3499
1724145270520 7 3549
1724145282714 7 3599
1724145297881 7 3649
1724145310695 7 3699
1724145323734 7 3749
1724145338893 7 3799
1724145351924 7 3849
1724145365691 7 3899
1724145379338 7 3949
1724145392176 7 3951
