1724144223561 0.39476245641708374 49
1724144236736 0.8955185413360596 99
1724144248166 0.43942081928253174 149
1724144263027 0.8369754552841187 199
1724144278603 0.7778493762016296 249
1724144291989 0.6599389910697937 299
1724144307005 0.7538434267044067 349
1724144318898 0.7803150415420532 399
1724144333652 0.7994909286499023 449
1724144361395 0.7069251537322998 499
1724144375975 0.6462690830230713 549
1724144389933 0.787499725818634 599
1724144403743 0.4763215184211731 649
1724144416219 0.6500461101531982 699
1724144429852 0.5897078514099121 749
1724144443392 0.6551618576049805 799
1724144457056 0.7184393405914307 849
1724144470396 0.7276270389556885 899
1724144485602 0.7038288116455078 949
1724144514012 0.6905433535575867 999
1724144526170 0.6269710063934326 1049
1724144542206 0.7645434737205505 1099
1724144555486 0.747061550617218 1149
1724144569338 0.6553294658660889 1199
1724144583073 0.719723641872406 1249
1724144597072 0.7103883028030396 1299
1724144609403 0.7248051166534424 1349
1724144623254 0.7062585353851318 1399
1724144634785 0.6306761503219604 1449
1724144661832 0.9189971685409546 1499
1724144674593 0.7562086582183838 1549
1724144689840 0.5918589234352112 1599
1724144704833 0.7101432085037231 1649
1724144717626 0.5729929208755493 1699
1724144733129 0.7220228314399719 1749
1724144746601 0.7272536158561707 1799
1724144759276 0.6637707948684692 1849
1724144771080 0.5794088244438171 1899
1724144783952 0.7042868137359619 1949
1724144812412 0.5502692461013794 1999
1724144825879 0.7606096267700195 2049
1724144839007 0.6131225824356079 2099
1724144852044 0.7187973260879517 2149
1724144866134 0.7682666182518005 2199
1724144880362 0.798547625541687 2249
1724144894416 0.6733579635620117 2299
1724144907056 0.5855772495269775 2349
1724144920623 0.7084393501281738 2399
1724144934519 0.6389501094818115 2449
1724144962038 0.5783392190933228 2499
1724144976309 0.7361123561859131 2549
1724144989662 0.7694856524467468 2599
1724145002503 0.6393550634384155 2649
1724145015376 0.7178125381469727 2699
1724145029308 0.6793649196624756 2749
1724145043066 0.6942967772483826 2799
1724145055640 0.6752856969833374 2849
1724145069000 0.6197875738143921 2899
1724145082146 0.6882840394973755 2949
1724145109362 0.7685509920120239 2999
1724145122475 0.8873347043991089 3049
1724145135654 0.7791460156440735 3099
1724145149817 0.7655172348022461 3149
1724145163388 0.628528356552124 3199
1724145176415 0.8309018611907959 3249
1724145190208 0.5667736530303955 3299
1724145202815 0.7155511379241943 3349
1724145216594 0.717645525932312 3399
1724145230540 0.7001697421073914 3449
1724145256750 0.6739027500152588 3499
1724145270520 0.582116961479187 3549
1724145282714 0.5244564414024353 3599
1724145297881 0.7148780822753906 3649
1724145310695 0.6928689479827881 3699
1724145323734 0.6961582899093628 3749
1724145338893 0.6719442009925842 3799
1724145351924 0.6220918893814087 3849
1724145365691 0.7271154522895813 3899
1724145379338 0.6115027666091919 3949
