1722946223496 0 49
1722946246646 0 99
1722946262179 0 122
1722946275976 0 149
1722946299104 0 199
1722946325927 0 245
1722946329555 0 249
1722946353252 0 299
1722946376928 0 349
1722946391221 0 368
1722946405594 0 399
1722946429459 0 449
1722946454299 0 491
1722946458146 0 499
1722946481894 0 549
1722946505770 1 599
1722946518299 1 614
1722946534907 1 649
1722946559003 1 699
1722946582169 1 737
1722946587878 1 749
1722946611489 1 799
1722946634969 1 849
1722946645089 1 860
1722946663403 1 899
1722946687119 1 949
1722946708354 1 983
1722946716143 1 999
1722946740027 1 1049
1722946763555 1 1099
1722946772054 1 1106
1722946792579 2 1149
1722946816638 2 1199
1722946835973 2 1229
1722946845450 2 1249
1722946869107 2 1299
1722946892651 2 1349
1722946899139 2 1352
1722946921735 2 1399
1722946945643 2 1449
1722946962887 2 1475
1722946974494 2 1499
1722946998451 2 1549
1722947026671 2 1598
