1722946223496 0.415770947933197 49
1722946246646 0.4720379412174225 99
1722946275976 0.17409874498844147 149
1722946299104 0.13671955466270447 199
1722946329555 0.18874722719192505 249
1722946353252 0.13995058834552765 299
1722946376928 0.030091432854533195 349
1722946405594 0.16647879779338837 399
1722946429459 0.3805600702762604 449
1722946458146 0.0182964950799942 499
1722946481894 0.057211991399526596 549
1722946505770 0.07571479678153992 599
1722946534907 0.10025255382061005 649
1722946559003 0.3475450575351715 699
1722946587878 0.012799333781003952 749
1722946611489 0.10386171191930771 799
1722946634969 0.011951956897974014 849
1722946663403 0.00918146874755621 899
1722946687119 0.01796978898346424 949
1722946716143 0.015703175216913223 999
1722946740027 0.4257936179637909 1049
1722946763555 0.06260814517736435 1099
1722946792579 0.006645762361586094 1149
1722946816638 0.013929987326264381 1199
1722946845450 0.5303648710250854 1249
1722946869107 0.015043622814118862 1299
1722946892651 0.005627512466162443 1349
1722946921735 0.010768460109829903 1399
1722946945643 0.00610149884596467 1449
1722946974494 0.004178773611783981 1499
1722946998451 0.008032704703509808 1549
