1724836801762 0.6691594123840332 49
1724836823983 0.6487069129943848 99
1724836852906 0.5327795743942261 149
1724836875448 0.23370853066444397 199
1724836904340 0.494406521320343 249
1724836927052 0.30349621176719666 299
1724836949743 0.5902329087257385 349
1724836978885 1.2582428455352783 399
1724837001550 0.14914759993553162 449
1724837030843 0.13745670020580292 499
1724837053549 0.201791912317276 549
1724837076233 0.15272699296474457 599
1724837103829 0.21010209619998932 649
1724837126636 0.44671738147735596 699
1724837154181 0.17948409914970398 749
1724837176925 0.019477758556604385 799
1724837199568 0.0242127887904644 849
