1724143322820 0 49
1724143335888 0 99
1724143347247 0 149
1724143361968 0 199
1724143377309 0 249
1724143390468 0 299
1724143405205 0 349
1724143416887 0 399
1724143431331 0 449
1724143455725 0 493
1724143458657 1 499
1724143473164 1 549
1724143486973 1 599
1724143500641 1 649
1724143513014 1 699
1724143526556 1 749
1724143539988 1 799
1724143553518 1 849
1724143566750 1 899
1724143581850 1 949
1724143604202 1 987
1724143610225 2 999
1724143622407 2 1049
1724143638461 2 1099
1724143651759 2 1149
1724143665653 2 1199
1724143679459 2 1249
1724143693558 2 1299
1724143706016 2 1349
1724143720030 2 1399
1724143731705 2 1449
1724143753077 2 1481
1724143760613 3 1499
1724143773395 3 1549
1724143788762 3 1599
1724143803935 3 1649
1724143816923 3 1699
1724143832710 3 1749
1724143846406 3 1799
1724143859320 3 1849
1724143871334 3 1899
1724143884435 3 1949
1724143904210 3 1975
1724143913298 4 1999
1724143926874 4 2049
1724143940166 4 2099
1724143953395 4 2149
1724143967740 4 2199
1724143982268 4 2249
1724143996625 4 2299
1724144009544 4 2349
1724144023438 4 2399
1724144037680 4 2449
1724144055701 4 2469
1724144064150 5 2499
1724144078748 5 2549
1724144092413 5 2599
1724144105592 5 2649
1724144118797 5 2699
1724144133075 5 2749
1724144147175 5 2799
1724144160066 5 2849
1724144173724 5 2899
1724144187215 5 2949
1724144204321 5 2963
