1724143322820 0.3947223126888275 49
1724143335888 0.8938162922859192 99
1724143347247 0.42783695459365845 149
1724143361968 0.8357672691345215 199
1724143377309 0.9871227741241455 249
1724143390468 0.7128971815109253 299
1724143405205 0.7849515080451965 349
1724143416887 0.8705403208732605 399
1724143431331 1.0652157068252563 449
1724143458657 0.6193629503250122 499
1724143473164 0.517848551273346 549
1724143486973 0.9228854179382324 599
1724143500641 0.31695330142974854 649
1724143513014 0.37413686513900757 699
1724143526556 0.3169264793395996 749
1724143539988 0.6928751468658447 799
1724143553518 1.2456756830215454 849
1724143566750 0.08009444922208786 899
1724143581850 0.43318605422973633 949
1724143610225 0.15305769443511963 999
1724143622407 0.07556562125682831 1049
1724143638461 0.12337522953748703 1099
1724143651759 0.17305174469947815 1149
1724143665653 0.3100316822528839 1199
1724143679459 0.9668230414390564 1249
1724143693558 0.11591571569442749 1299
1724143706016 0.3493967652320862 1349
1724143720030 0.9738368391990662 1399
1724143731705 0.2120773196220398 1449
1724143760613 0.16762575507164001 1499
1724143773395 0.0324198454618454 1549
1724143788762 0.3233814835548401 1599
1724143803935 0.029987141489982605 1649
1724143816923 0.8463281989097595 1699
1724143832710 0.19137848913669586 1749
1724143846406 0.12156239151954651 1799
1724143859320 0.018704233691096306 1849
1724143871334 0.06415484100580215 1899
1724143884435 0.024131834506988525 1949
1724143913298 0.014604821801185608 1999
1724143926874 0.6269640326499939 2049
1724143940166 1.928820013999939 2099
1724143953395 0.03014184907078743 2149
1724143967740 0.09450112283229828 2199
1724143982268 0.027267105877399445 2249
1724143996625 0.02971664071083069 2299
1724144009544 0.02607874572277069 2349
1724144023438 0.01081463135778904 2399
1724144037680 0.10519888252019882 2449
1724144064150 0.011711705476045609 2499
1724144078748 0.008889707736670971 2549
1724144092413 0.009190762415528297 2599
1724144105592 0.09445402026176453 2649
1724144118797 0.005761089269071817 2699
1724144133075 0.009838941507041454 2749
1724144147175 0.8596310615539551 2799
1724144160066 0.012642553076148033 2849
1724144173724 0.007447602692991495 2899
1724144187215 0.006727282889187336 2949
