1725530403987 0 49
1725530447327 0 99
1725530480227 0 123
1725530504181 0 149
1725530546034 0 199
1725530601005 0 246
1725530603557 0 249
1725530645829 0 299
1725530691592 0 349
1725530720849 0 370
1725530744409 0 399
1725530789045 0 449
1725530841582 0 493
1725530847108 0 499
1725530890402 0 549
1725530933889 0 599
1725530962741 0 617
1725530993238 0 649
1725531033512 0 699
1725531084375 0 740
1725531092320 0 749
1725531132378 0 799
1725531173734 0 849
1725531198621 0 864
1725531228176 0 899
1725531272196 0 949
1725531318118 0 987
