1725530403987 0.6315365433692932 49
1725530447327 0.5730975270271301 99
1725530504181 0.7613964080810547 149
1725530546034 0.7119805812835693 199
1725530603557 0.5302014350891113 249
1725530645829 0.22234486043453217 299
1725530691592 0.08461442589759827 349
1725530744409 0.22950831055641174 399
1725530789045 0.44217368960380554 449
1725530847108 0.03832385689020157 499
1725530890402 0.07473377883434296 549
1725530933889 0.09044414758682251 599
1725530993238 0.6329275965690613 649
1725531033512 0.13031375408172607 699
1725531092320 0.05926576629281044 749
1725531132378 0.03818599879741669 799
1725531173734 0.7000322341918945 849
1725531228176 0.15730679035186768 899
1725531272196 0.23572249710559845 949
