1722931092206 0 49
1722931114400 0 99
1722931129192 0 122
1722931142883 0 149
1722931165589 0 199
1722931191382 0 245
1722931194786 0 249
1722931217037 0 299
1722931239584 0 349
1722931253116 0 368
1722931268543 1 399
1722931291589 1 449
1722931315811 1 491
1722931321262 1 499
1722931344452 1 549
1722931366673 1 599
1722931378409 1 614
1722931395616 1 649
1722931418317 1 699
1722931441461 1 737
1722931448602 2 749
1722931472101 2 799
1722931495796 2 849
1722931506154 2 860
1722931526208 2 899
1722931550159 2 949
1722931571443 2 983
1722931579011 2 999
1722931602131 2 1049
1722931624957 2 1099
1722931633187 2 1106
1722931652594 3 1149
1722931675461 3 1199
1722931694055 3 1229
