1722931092206 0.4601839482784271 49
1722931114400 0.39377903938293457 99
1722931142883 0.2809949219226837 149
1722931165589 0.17347702383995056 199
1722931194786 0.47940975427627563 249
1722931217037 0.22880879044532776 299
1722931239584 0.2137407511472702 349
1722931268543 0.18617555499076843 399
1722931291589 0.5049219727516174 449
1722931321262 0.05829418823122978 499
1722931344452 0.05238844454288483 549
1722931366673 0.068971648812294 599
1722931395616 0.019142890349030495 649
1722931418317 0.024938760325312614 699
1722931448602 0.048220910131931305 749
1722931472101 0.05830729752779007 799
1722931495796 0.04606178030371666 849
1722931526208 0.023560509085655212 899
1722931550159 0.0221645999699831 949
1722931579011 0.03200088068842888 999
1722931602131 0.01599898561835289 1049
1722931624957 0.033292949199676514 1099
1722931652594 0.008258795365691185 1149
1722931675461 0.008090076968073845 1199
