1723471414445 0 49
1723471438065 0 99
1723471454546 0 123
1723471468795 0 149
1723471492676 0 199
1723471520505 1 247
1723471523001 1 249
1723471547054 1 299
1723471570880 1 349
1723471586396 1 371
1723471601389 1 399
1723471625238 1 449
1723471652179 2 495
1723471655738 2 499
1723471679987 2 549
1723471703789 2 599
1723471718433 2 619
1723471734444 2 649
1723471758284 2 699
1723471784234 3 743
1723471787107 3 749
1723471810955 3 799
1723471834813 3 849
1723471848498 3 867
1723471864098 3 899
1723471888658 3 949
1723471914061 4 991
1723471919683 4 999
1723471943759 4 1049
1723471967632 4 1099
1723471980288 4 1115
1723471996589 4 1149
1723472020607 4 1199
1723472045069 5 1239
1723472049898 5 1249
1723472074129 5 1299
1723472097925 5 1349
1723472109584 5 1363
