1723471414445 0.6940296292304993 49
1723471438065 0.684331476688385 99
1723471468795 0.5952171087265015 149
1723471492676 0.30868732929229736 199
1723471523001 0.38183343410491943 249
1723471547054 0.323070764541626 299
1723471570880 0.9284258484840393 349
1723471601389 0.9757208824157715 399
1723471625238 0.5225637555122375 449
1723471655738 0.2901233434677124 499
1723471679987 0.45384538173675537 549
1723471703789 0.3973941206932068 599
1723471734444 0.08511285483837128 649
1723471758284 0.49873799085617065 699
1723471787107 0.08343665301799774 749
1723471810955 0.09602893143892288 799
1723471834813 0.07471168041229248 849
1723471864098 0.07858110219240189 899
1723471888658 0.4271645247936249 949
1723471919683 0.10205300897359848 999
1723471943759 0.05453268066048622 1049
1723471967632 0.03327387198805809 1099
1723471996589 0.15473705530166626 1149
1723472020607 0.06780734658241272 1199
1723472049898 0.0325935035943985 1249
1723472074129 0.07068654149770737 1299
1723472097925 0.06570082902908325 1349
