1722958103407 0 49
1722958125968 0 99
1722958141247 0 122
1722958155062 0 149
1722958177236 0 199
1722958202828 0 245
1722958206193 0 249
1722958228849 0 299
1722958251279 0 349
1722958264758 0 368
1722958278705 0 399
1722958301388 0 449
1722958325288 0 491
1722958328751 1 499
1722958351388 1 549
1722958374029 1 599
1722958385642 1 614
1722958401524 1 649
1722958424032 1 699
1722958446000 1 737
1722958451442 1 749
1722958474053 1 799
1722958496667 1 849
1722958506521 1 860
1722958524195 1 899
1722958546755 1 949
1722958566951 1 983
1722958574072 2 999
1722958596733 2 1049
1722958619388 2 1099
1722958627426 2 1106
1722958646903 2 1149
1722958669588 2 1199
1722958687919 2 1229
1722958697016 2 1249
1722958719711 2 1299
1722958742107 2 1349
1722958748336 2 1352
1722958769495 2 1399
1722958791967 2 1449
1722958808489 2 1475
1722958819129 3 1499
1722958841624 3 1549
1722958868385 3 1598
