1722958103407 0.6766956448554993 49
1722958125968 0.45250821113586426 99
1722958155062 0.49578502774238586 149
1722958177236 0.22710630297660828 199
1722958206193 0.2889292240142822 249
1722958228849 0.14709925651550293 299
1722958251279 0.3008561432361603 349
1722958278705 0.33635690808296204 399
1722958301388 0.4454779028892517 449
1722958328751 0.5754563212394714 499
1722958351388 0.1602451503276825 549
1722958374029 0.027182193472981453 599
1722958401524 0.059334896504879 649
1722958424032 0.13409438729286194 699
1722958451442 0.031682707369327545 749
1722958474053 0.0441463366150856 799
1722958496667 0.020365377888083458 849
1722958524195 0.01981949619948864 899
1722958546755 0.02106889896094799 949
1722958574072 0.022362494841217995 999
1722958596733 0.39504358172416687 1049
1722958619388 0.019481664523482323 1099
1722958646903 0.02014526166021824 1149
1722958669588 0.03144152835011482 1199
1722958697016 0.010264567099511623 1249
1722958719711 0.027587447315454483 1299
1722958742107 0.23528514802455902 1349
1722958769495 0.03330250829458237 1399
1722958791967 0.13910403847694397 1449
1722958819129 0.010496123693883419 1499
1722958841624 0.013997751288115978 1549
