1724153263890 0 49
1724153273974 0 99
1724153283163 0 149
1724153292617 0 199
1724153302727 0 249
1724153311899 0 299
1724153321333 0 349
1724153330909 0 399
1724153340962 0 449
1724153361133 0 493
1724153363821 1 499
1724153373261 1 549
1724153382389 1 599
1724153393740 1 649
1724153402789 1 699
1724153412932 1 749
1724153422454 1 799
1724153431572 1 849
1724153441508 1 899
1724153451864 1 949
1724153471319 1 987
1724153476208 2 999
1724153489562 2 1049
1724153503281 2 1099
1724153515802 2 1149
1724153529957 2 1199
1724153543280 2 1249
1724153555450 2 1299
1724153571147 2 1349
1724153583762 2 1399
1724153598176 2 1449
1724153619460 2 1481
1724153626857 3 1499
1724153640065 3 1549
1724153652542 3 1599
1724153667024 3 1649
1724153679761 3 1699
1724153694411 3 1749
1724153708582 3 1799
1724153723186 3 1849
1724153736433 3 1899
1724153749188 3 1949
1724153768753 3 1975
1724153776816 4 1999
1724153790389 4 2049
1724153802903 4 2099
1724153815870 4 2149
1724153829932 4 2199
1724153843805 4 2249
1724153856868 4 2299
1724153871463 4 2349
1724153885096 4 2399
1724153899726 4 2449
1724153917058 4 2469
1724153926693 5 2499
1724153939754 5 2549
1724153954050 5 2599
1724153966846 5 2649
1724153980498 5 2699
1724153994959 5 2749
1724154007603 5 2799
1724154021913 5 2849
1724154035262 5 2899
1724154049563 5 2949
1724154066349 5 2963
1724154078437 6 2999
1724154092299 6 3049
1724154106473 6 3099
1724154119546 6 3149
1724154133281 6 3199
1724154148231 6 3249
1724154161889 6 3299
1724154174706 6 3349
1724154188525 6 3399
1724154201046 6 3449
1724154215801 6 3457
1724154228952 7 3499
1724154242296 7 3549
1724154257349 7 3599
1724154270847 7 3649
1724154284068 7 3699
1724154297232 7 3749
1724154311576 7 3799
1724154324616 7 3849
1724154337198 7 3899
1724154350869 7 3949
1724154363827 7 3951
1724154378057 8 3999
1724154391849 8 4049
1724154404123 8 4099
1724154417417 8 4149
1724154431556 8 4199
1724154444418 8 4249
1724154458706 8 4299
1724154472053 8 4349
1724154486553 8 4399
1724154511773 8 4445
