1724153263890 0.7623623609542847 49
1724153273974 0.7126935720443726 99
1724153283163 0.7414568662643433 149
1724153292617 0.5868245363235474 199
1724153302727 0.7259563207626343 249
1724153311899 0.8187650442123413 299
1724153321333 0.5946537256240845 349
1724153330909 0.6441910266876221 399
1724153340962 0.6001713275909424 449
1724153363821 0.6927780508995056 499
1724153373261 0.6282352209091187 549
1724153382389 0.7539180517196655 599
1724153393740 0.6711395978927612 649
1724153402789 0.7548303604125977 699
1724153412932 0.6586751937866211 749
1724153422454 0.6580166816711426 799
1724153431572 0.8072680830955505 849
1724153441508 0.6629029512405396 899
1724153451864 0.7492192983627319 949
1724153476208 0.5114556550979614 999
1724153489562 0.6778829097747803 1049
1724153503281 0.6669743061065674 1099
1724153515802 0.6577622890472412 1149
1724153529957 0.7524431943893433 1199
1724153543280 0.7838818430900574 1249
1724153555450 0.5267373919487 1299
1724153571147 0.324933797121048 1349
1724153583762 0.4790366291999817 1399
1724153598176 0.8344241380691528 1449
1724153626857 0.6517518758773804 1499
1724153640065 0.3923990726470947 1549
1724153652542 0.18927478790283203 1599
1724153667024 0.5347078442573547 1649
1724153679761 0.3204794228076935 1699
1724153694411 0.1116953045129776 1749
1724153708582 0.14954566955566406 1799
1724153723186 0.5216346979141235 1849
1724153736433 0.37747105956077576 1899
1724153749188 0.20060718059539795 1949
1724153776816 0.4874786138534546 1999
1724153790389 0.08249583095312119 2049
1724153802903 0.05518981069326401 2099
1724153815870 0.13037943840026855 2149
1724153829932 0.0667315199971199 2199
1724153843805 0.2084311991930008 2249
1724153856868 0.10155585408210754 2299
1724153871463 0.07450517266988754 2349
1724153885096 0.10964062809944153 2399
1724153899726 0.8304876089096069 2449
1724153926693 1.0425286293029785 2499
1724153939754 0.09298060834407806 2549
1724153954050 0.3066127896308899 2599
1724153966846 0.0300449188798666 2649
1724153980498 0.6411609649658203 2699
1724153994959 0.01479383185505867 2749
1724154007603 0.055886395275592804 2799
1724154021913 0.04376935958862305 2849
1724154035262 0.5821729302406311 2899
1724154049563 0.1637866199016571 2949
1724154078437 0.033260855823755264 2999
1724154092299 0.023409396409988403 3049
1724154106473 0.0299812164157629 3099
1724154119546 0.016199136152863503 3149
1724154133281 1.8848780393600464 3199
1724154148231 0.057061247527599335 3249
1724154161889 0.030156519263982773 3299
1724154174706 0.04266612231731415 3349
1724154188525 0.01895986869931221 3399
1724154201046 0.01687922328710556 3449
1724154228952 0.028502507135272026 3499
1724154242296 0.008977532386779785 3549
1724154257349 0.015246625058352947 3599
1724154270847 0.26170212030410767 3649
1724154284068 0.010621638968586922 3699
1724154297232 0.007900701835751534 3749
1724154311576 0.01658746227622032 3799
1724154324616 0.014190769754350185 3849
1724154337198 0.004772740416228771 3899
1724154350869 0.00616795476526022 3949
1724154378057 0.01639646477997303 3999
1724154391849 0.0048028044402599335 4049
1724154404123 0.0043198163621127605 4099
1724154417417 0.006737037096172571 4149
1724154431556 0.005954297725111246 4199
1724154444418 0.00644307304173708 4249
1724154458706 0.004966004751622677 4299
1724154472053 0.004077334422618151 4349
1724154486553 0.004206262528896332 4399
