1724156147379 0 49
1724156157505 0 99
1724156166729 0 149
1724156176202 0 199
1724156186324 0 249
1724156195518 0 299
1724156204979 0 349
1724156214582 0 399
1724156224660 0 449
1724156244864 0 493
1724156247552 1 499
1724156257012 1 549
1724156266161 1 599
1724156277537 1 649
1724156286602 1 699
1724156296762 1 749
1724156306305 1 799
1724156315441 1 849
1724156325379 1 899
1724156335735 1 949
1724156355178 1 987
1724156359023 2 999
1724156368573 2 1049
1724156378424 2 1099
1724156387342 2 1149
1724156397508 2 1199
1724156407038 2 1249
1724156415711 2 1299
1724156427064 2 1349
1724156436060 2 1399
1724156446412 2 1449
1724156465196 2 1481
1724156470407 3 1499
1724156479862 3 1549
1724156488765 3 1599
1724156499180 3 1649
1724156508265 3 1699
1724156518829 3 1749
1724156529015 3 1799
1724156539510 3 1849
1724156548970 3 1899
1724156558067 3 1949
1724156575634 3 1975
1724156583073 4 1999
1724156596650 4 2049
1724156609166 4 2099
1724156622140 4 2149
1724156636208 4 2199
1724156650082 4 2249
1724156663149 4 2299
1724156677748 4 2349
1724156691386 4 2399
1724156706022 4 2449
1724156723382 4 2469
1724156732967 5 2499
1724156746028 5 2549
1724156760318 5 2599
1724156773118 5 2649
1724156786770 5 2699
1724156801234 5 2749
1724156813869 5 2799
1724156828175 5 2849
1724156841522 5 2899
1724156855816 5 2949
1724156872604 5 2963
1724156884658 6 2999
1724156898515 6 3049
1724156912685 6 3099
1724156925752 6 3149
1724156939485 6 3199
1724156954435 6 3249
1724156968096 6 3299
1724156980914 6 3349
1724156994733 6 3399
1724157007257 6 3449
1724157022018 6 3457
1724157035182 7 3499
1724157048527 7 3549
1724157063583 7 3599
1724157077075 7 3649
1724157090292 7 3699
1724157103453 7 3749
1724157117798 7 3799
1724157130836 7 3849
1724157143417 7 3899
1724157157091 7 3949
1724157170028 7 3951
1724157185900 8 3999
1724157199683 8 4049
1724157211960 8 4099
1724157225253 8 4149
1724157239394 8 4199
1724157252250 8 4249
1724157266534 8 4299
1724157279877 8 4349
1724157294375 8 4399
1724157319565 8 4445
1724157322256 9 4449
1724157336604 9 4499
1724157349122 9 4549
1724157362852 9 4599
1724157375372 9 4649
1724157390768 9 4699
1724157404639 9 4749
1724157417691 9 4799
1724157432106 9 4849
1724157445692 9 4899
1724157469085 9 4939
