1724156147379 0.756933331489563 49
1724156157505 0.6758967638015747 99
1724156166729 0.7364825010299683 149
1724156176202 0.5102441906929016 199
1724156186324 0.7670906782150269 249
1724156195518 0.8863406777381897 299
1724156204979 0.5657061338424683 349
1724156214582 0.6236371397972107 399
1724156224660 0.5976489186286926 449
1724156247552 0.6886580586433411 499
1724156257012 0.5792108774185181 549
1724156266161 0.7057700753211975 599
1724156277537 0.6483608484268188 649
1724156286602 0.7666287422180176 699
1724156296762 0.6320095062255859 749
1724156306305 0.6512011885643005 799
1724156315441 0.8089991807937622 849
1724156325379 0.640802264213562 899
1724156335735 0.7277218699455261 949
1724156359023 0.4837239384651184 999
1724156368573 0.4970369040966034 1049
1724156378424 0.7021440267562866 1099
1724156387342 0.5504888892173767 1149
1724156397508 0.7034343481063843 1199
1724156407038 0.8352870345115662 1249
1724156415711 0.5616067051887512 1299
1724156427064 0.4267735779285431 1349
1724156436060 0.702499270439148 1399
1724156446412 0.7667707800865173 1449
1724156470407 0.770735502243042 1499
1724156479862 0.7807911038398743 1549
1724156488765 0.3265857696533203 1599
1724156499180 0.4479406774044037 1649
1724156508265 0.6391609311103821 1699
1724156518829 0.43649911880493164 1749
1724156529015 0.38011717796325684 1799
1724156539510 0.5564854145050049 1849
1724156548970 0.4240477681159973 1899
1724156558067 0.48690447211265564 1949
1724156583073 0.48949652910232544 1999
1724156596650 0.1098843663930893 2049
1724156609166 0.139134019613266 2099
1724156622140 1.4380686283111572 2149
1724156636208 0.8201435208320618 2199
1724156650082 0.6233916878700256 2249
1724156663149 1.3364568948745728 2299
1724156677748 0.20228271186351776 2349
1724156691386 0.2770841121673584 2399
1724156706022 0.27253657579421997 2449
1724156732967 0.6413015127182007 2499
1724156746028 0.13326899707317352 2549
1724156760318 1.0051238536834717 2599
1724156773118 0.12422659993171692 2649
1724156786770 1.2822120189666748 2699
1724156801234 0.05458982661366463 2749
1724156813869 0.06083844229578972 2799
1724156828175 0.18230512738227844 2849
1724156841522 0.6671918630599976 2899
1724156855816 0.39624351263046265 2949
1724156884658 0.02439993992447853 2999
1724156898515 0.06978611648082733 3049
1724156912685 0.028783854097127914 3099
1724156925752 0.025124825537204742 3149
1724156939485 1.8703384399414062 3199
1724156954435 0.6348745822906494 3249
1724156968096 0.05524267256259918 3299
1724156980914 0.017864657565951347 3349
1724156994733 0.013179430738091469 3399
1724157007257 0.045217365026474 3449
1724157035182 0.021281089633703232 3499
1724157048527 0.05406363680958748 3549
1724157063583 0.0201508030295372 3599
1724157077075 0.0836399644613266 3649
1724157090292 0.010208003222942352 3699
1724157103453 0.042069315910339355 3749
1724157117798 0.021026303991675377 3799
1724157130836 0.010542639531195164 3849
1724157143417 0.006920626852661371 3899
1724157157091 0.007937765680253506 3949
1724157185900 0.016849901527166367 3999
1724157199683 0.005983114242553711 4049
1724157211960 0.004663230385631323 4099
1724157225253 0.0070903548039495945 4149
1724157239394 0.023673661053180695 4199
1724157252250 0.008388424292206764 4249
1724157266534 0.012668756768107414 4299
1724157279877 0.005321156699210405 4349
1724157294375 0.01049091387540102 4399
1724157322256 0.005747620016336441 4449
1724157336604 0.004352479241788387 4499
1724157349122 0.005857865326106548 4549
1724157362852 0.004570038057863712 4599
1724157375372 0.007744279690086842 4649
1724157390768 0.003579201176762581 4699
1724157404639 0.003904458601027727 4749
1724157417691 0.3446022570133209 4799
1724157432106 0.005329773761332035 4849
1724157445692 0.5131910443305969 4899
