1722331929565 0 49
1722331951602 0 99
1722331966509 0 122
1722331980172 0 149
1722332002337 0 199
1722332027651 0 245
1722332030983 0 249
1722332053184 0 299
1722332075419 0 349
1722332088540 0 368
1722332102451 0 399
1722332124561 0 449
1722332147656 0 491
1722332152789 0 499
1722332174741 0 549
1722332197168 0 599
1722332208695 0 614
1722332225797 0 649
1722332248152 0 699
1722332270026 0 737
1722332276835 0 749
1722332299348 0 799
1722332321491 0 849
1722332331130 0 860
1722332350462 0 899
1722332372830 0 949
1722332392976 0 983
1722332401705 0 999
1722332424035 0 1049
1722332446059 0 1099
1722332454000 0 1106
1722332473092 1 1149
1722332495243 1 1199
1722332513513 1 1229
1722332524016 1 1249
1722332546127 1 1299
1722332568378 1 1349
1722332574591 1 1352
1722332595666 1 1399
1722332617626 1 1449
1722332634226 1 1475
1722332644747 1 1499
1722332666949 1 1549
1722332693633 1 1598
1722332695706 1 1599
