1722331929565 0.05586087703704834 49
1722331951602 0.34295782446861267 99
1722331980172 0.34764137864112854 149
1722332002337 0.04142218455672264 199
1722332030983 0.014897407032549381 249
1722332053184 0.05442004278302193 299
1722332075419 0.004419771954417229 349
1722332102451 0.1948675811290741 399
1722332124561 0.0545831099152565 449
1722332152789 0.003782341256737709 499
1722332174741 0.11095267534255981 549
1722332197168 0.03768501058220863 599
1722332225797 0.14397995173931122 649
1722332248152 0.0019222566625103354 699
1722332276835 0.10486245900392532 749
1722332299348 0.0019271562341600657 799
1722332321491 0.8389630913734436 849
1722332350462 0.0019568668212741613 899
1722332372830 0.055505070835351944 949
1722332401705 0.312042772769928 999
1722332424035 0.1510065495967865 1049
1722332446059 0.001627471181564033 1099
1722332473092 0.0013470116537064314 1149
1722332495243 0.0012916200794279575 1199
1722332524016 0.7497179508209229 1249
1722332546127 0.0012988975504413247 1299
1722332568378 0.0009016848052851856 1349
1722332595666 0.15857046842575073 1399
1722332617626 0.0010097353952005506 1449
1722332644747 0.03326684236526489 1499
1722332666949 0.004997065290808678 1549
1722332695706 0.0015283352695405483 1599
