1723475973573 0 49
1723475996450 0 99
1723476012197 0 123
1723476025751 1 149
1723476048615 1 199
1723476075505 1 247
1723476078098 2 249
1723476100940 2 299
1723476123807 2 349
1723476138489 2 371
1723476153132 3 399
1723476175973 3 449
1723476201569 3 495
1723476205196 4 499
1723476228049 4 549
1723476250896 4 599
1723476264660 4 619
1723476280141 5 649
1723476302989 5 699
1723476327725 5 743
1723476332828 6 749
1723476355654 6 799
1723476378524 6 849
1723476391394 6 867
1723476406221 7 899
1723476429116 7 949
1723476452985 7 991
1723476458437 8 999
1723476481217 8 1049
1723476505437 8 1099
1723476517400 8 1115
1723476534746 9 1149
1723476557646 9 1199
1723476580587 9 1239
1723476585367 10 1249
1723476608209 10 1299
1723476631025 10 1349
1723476642083 10 1363
