1723475973573 0.6778762340545654 49
1723475996450 0.6818848848342896 99
1723476025751 0.5212858319282532 149
1723476048615 0.36902379989624023 199
1723476078098 0.19984039664268494 249
1723476100940 0.1586441695690155 299
1723476123807 0.349112331867218 349
1723476153132 0.1880989819765091 399
1723476175973 0.14201995730400085 449
1723476205196 0.05824747309088707 499
1723476228049 0.05002233013510704 549
1723476250896 0.0576217882335186 599
1723476280141 0.06187339499592781 649
1723476302989 0.02135486900806427 699
1723476332828 0.0246439166367054 749
1723476355654 0.032646097242832184 799
1723476378524 0.021107621490955353 849
1723476406221 0.022699024528265 899
1723476429116 0.014126189984381199 949
1723476458437 0.03622614964842796 999
1723476481217 0.012015843763947487 1049
1723476505437 0.2740265130996704 1099
1723476534746 0.012308632954955101 1149
1723476557646 0.32780030369758606 1199
1723476585367 0.01004155445843935 1249
1723476608209 0.007336829788982868 1299
1723476631025 0.00673591298982501 1349
