1723547463434 0 49
1723547488118 0 99
1723547505233 0 123
1723547519184 1 149
1723547542857 1 199
1723547570025 1 247
1723547572497 1 249
1723547595405 2 299
1723547618464 2 349
1723547633479 2 371
1723547648104 2 399
1723547670978 3 449
1723547697188 3 495
1723547700753 3 499
1723547723801 3 549
1723547746719 4 599
1723547760877 4 619
1723547776496 4 649
1723547799573 4 699
1723547824723 4 743
1723547829051 5 749
1723547852050 5 799
1723547875061 5 849
1723547888316 5 867
1723547904741 6 899
1723547927922 6 949
1723547952238 6 991
