1723547463434 0.6802132725715637 49
1723547488118 0.558217465877533 99
1723547519184 0.5381765365600586 149
1723547542857 0.18941305577754974 199
1723547572497 0.2443849742412567 249
1723547595405 0.3320483863353729 299
1723547618464 0.3254653215408325 349
1723547648104 0.13732010126113892 399
1723547670978 0.10346036404371262 449
1723547700753 0.26092439889907837 499
1723547723801 0.18080823123455048 549
1723547746719 0.3401139974594116 599
1723547776496 0.27518272399902344 649
1723547799573 0.36865654587745667 699
1723547829051 0.04403059184551239 749
1723547852050 0.02587190829217434 799
1723547875061 0.03844074904918671 849
1723547904741 0.02992832288146019 899
1723547927922 0.4694422483444214 949
