1724158619301 0 49
1724158628087 0 99
1724158637534 0 149
1724158648155 0 199
1724158658027 0 249
1724158668198 0 299
1724158678448 0 349
1724158687019 0 399
1724158696481 0 449
1724158718539 0 493
1724158721332 1 499
1724158730636 1 549
1724158739478 1 599
1724158750446 1 649
1724158759975 1 699
1724158769513 1 749
1724158778822 1 799
1724158789662 1 849
1724158798332 1 899
1724158808197 1 949
1724158828796 1 987
1724158832425 2 999
1724158842851 2 1049
1724158851510 2 1099
1724158861524 2 1149
1724158872360 2 1199
1724158882072 2 1249
1724158891121 2 1299
1724158899965 2 1349
1724158909832 2 1399
1724158919212 2 1449
1724158938710 2 1481
1724158944064 3 1499
1724158957851 3 1549
1724158971302 3 1599
1724158985399 3 1649
1724158998490 3 1699
1724159013438 3 1749
1724159026496 3 1799
1724159040764 3 1849
1724159055598 3 1899
1724159067068 3 1949
1724159087654 3 1975
1724159095021 4 1999
1724159110038 4 2049
1724159124627 4 2099
1724159138389 4 2149
1724159151547 4 2199
1724159165324 4 2249
1724159177660 4 2299
1724159191449 4 2349
1724159205238 4 2399
1724159218308 4 2449
1724159237709 4 2469
1724159247745 5 2499
1724159261963 5 2549
1724159277257 5 2599
1724159289900 5 2649
1724159304209 5 2699
1724159316018 5 2749
1724159331692 5 2799
1724159345065 5 2849
1724159357091 5 2899
1724159371015 5 2949
1724159387861 5 2963
1724159399561 6 2999
1724159414714 6 3049
1724159427950 6 3099
1724159441841 6 3149
1724159455611 6 3199
1724159469204 6 3249
1724159482085 6 3299
1724159495618 6 3349
1724159508675 6 3399
1724159522563 6 3449
1724159537477 6 3457
1724159550490 7 3499
1724159564167 7 3549
1724159578591 7 3599
1724159592067 7 3649
1724159606168 7 3699
1724159619535 7 3749
1724159633984 7 3799
1724159645579 7 3849
1724159659686 7 3899
1724159674024 7 3949
1724159687132 7 3951
1724159700865 8 3999
1724159716121 8 4049
1724159728558 8 4099
1724159742225 8 4149
1724159756551 8 4199
1724159771620 8 4249
1724159784575 8 4299
1724159797956 8 4349
1724159810928 8 4399
1724159835092 8 4445
