1724158619301 0.6707791090011597 49
1724158628087 0.6465629935264587 99
1724158637534 0.6254941821098328 149
1724158648155 0.65522301197052 199
1724158658027 0.6636799573898315 249
1724158668198 0.9231598377227783 299
1724158678448 0.7804268598556519 349
1724158687019 0.8392325043678284 399
1724158696481 0.8124375343322754 449
1724158721332 0.6439709663391113 499
1724158730636 0.747117280960083 549
1724158739478 0.544241189956665 599
1724158750446 0.6513183116912842 649
1724158759975 0.6200554966926575 699
1724158769513 0.5941257476806641 749
1724158778822 0.6227459907531738 799
1724158789662 0.5066369771957397 849
1724158798332 0.6011277437210083 899
1724158808197 0.6956927180290222 949
1724158832425 0.6542397737503052 999
1724158842851 0.4609626531600952 1049
1724158851510 0.745076596736908 1099
1724158861524 0.697837233543396 1149
1724158872360 0.6069051623344421 1199
1724158882072 0.45621201395988464 1249
1724158891121 0.8285377025604248 1299
1724158899965 0.7339149117469788 1349
1724158909832 0.7781846523284912 1399
1724158919212 0.6823611855506897 1449
1724158944064 0.6868305206298828 1499
1724158957851 0.5900179147720337 1549
1724158971302 0.4089008569717407 1599
1724158985399 0.7480939626693726 1649
1724158998490 0.5191317200660706 1699
1724159013438 0.3378641605377197 1749
1724159026496 0.6825143098831177 1799
1724159040764 0.7022441625595093 1849
1724159055598 0.33574163913726807 1899
1724159067068 0.31971630454063416 1949
1724159095021 0.2656944990158081 1999
1724159110038 1.3244831562042236 2049
1724159124627 0.31881749629974365 2099
1724159138389 0.16781559586524963 2149
1724159151547 0.2347308248281479 2199
1724159165324 0.3784162104129791 2249
1724159177660 0.277521014213562 2299
1724159191449 0.14841514825820923 2349
1724159205238 0.17241981625556946 2399
1724159218308 0.9826785326004028 2449
1724159247745 0.07663844525814056 2499
1724159261963 0.08946296572685242 2549
1724159277257 0.8447919487953186 2599
1724159289900 0.5144485831260681 2649
1724159304209 0.5179396271705627 2699
1724159316018 0.043078526854515076 2749
1724159331692 0.17207071185112 2799
1724159345065 0.25488007068634033 2849
1724159357091 0.03353123739361763 2899
1724159371015 0.3542613387107849 2949
1724159399561 0.30600273609161377 2999
1724159414714 0.028180234134197235 3049
1724159427950 0.18642088770866394 3099
1724159441841 0.5520657300949097 3149
1724159455611 0.053281016647815704 3199
1724159469204 0.1702481061220169 3249
1724159482085 0.05355957895517349 3299
1724159495618 0.026749130338430405 3349
1724159508675 0.024338116869330406 3399
1724159522563 0.05385783314704895 3449
1724159550490 0.04320654273033142 3499
1724159564167 0.07172489911317825 3549
1724159578591 0.01823190413415432 3599
1724159592067 0.02511911280453205 3649
1724159606168 0.03442242741584778 3699
1724159619535 0.01650463230907917 3749
1724159633984 0.021484095603227615 3799
1724159645579 0.015095943585038185 3849
1724159659686 0.015515539795160294 3899
1724159674024 0.13428014516830444 3949
1724159700865 0.027988970279693604 3999
1724159716121 0.012415844947099686 4049
1724159728558 0.7027959823608398 4099
1724159742225 0.005445487331598997 4149
1724159756551 0.004149815067648888 4199
1724159771620 2.098761796951294 4249
1724159784575 0.020654719322919846 4299
1724159797956 0.006419626530259848 4349
1724159810928 0.011251956224441528 4399
