1726221721156 0 49
1726221788162 0 99
1726221835389 0 123
1726221878767 0 149
1726221945437 0 199
1726222024543 0 246
1726222039514 0 249
1726222105169 0 299
1726222171908 0 349
1726222214850 0 370
1726222262622 0 399
1726222329420 0 449
1726222403757 0 493
1726222411045 1 499
1726222477492 1 549
1726222543988 1 599
1726222583678 1 618
1726222633711 1 649
1726222700717 1 699
1726222772506 1 741
1726222793716 1 749
1726222861962 1 799
1726222930609 1 849
1726222966296 1 865
1726223026436 1 899
1726223095883 1 949
1726223167557 1 988
1726223190792 2 999
1726223261845 2 1049
1726223330743 2 1099
1726223364608 2 1112
1726223417783 2 1149
1726223487517 2 1199
1726223553715 2 1236
