1726221721156 0.457337349653244 49
1726221788162 0.4958236515522003 99
1726221878767 0.03787006437778473 149
1726221945437 0.03191021829843521 199
1726222039514 0.01016959547996521 249
1726222105169 0.07533951103687286 299
1726222171908 0.016134880483150482 349
1726222262622 0.2888002097606659 399
1726222329420 0.007024591788649559 449
1726222411045 0.00938503909856081 499
1726222477492 0.007826142013072968 549
1726222543988 0.006750871893018484 599
1726222633711 0.00849845539778471 649
1726222700717 0.003397290362045169 699
1726222793716 0.008164010010659695 749
1726222861962 0.008322557434439659 799
1726222930609 0.011305438354611397 849
1726223026436 0.0047372253611683846 899
1726223095883 0.010825359262526035 949
1726223190792 0.005687483120709658 999
1726223261845 0.008935937657952309 1049
1726223330743 0.936214804649353 1099
1726223417783 0.006619312800467014 1149
1726223487517 0.0011699505848810077 1199
