1723548007320 0.682083249092102 49
1723548030236 0.6095179915428162 99
1723548059737 0.5549184083938599 149
1723548082930 0.21124538779258728 199
1723548112340 0.21594665944576263 249
1723548135208 0.36846452951431274 299
1723548158233 0.32506459951400757 349
1723548187765 0.1160685271024704 399
1723548210573 0.0956147089600563 449
1723548240272 0.2508867084980011 499
1723548263305 0.12268848717212677 549
1723548286023 0.21497154235839844 599
1723548315451 0.34726548194885254 649
1723548338368 0.3820481598377228 699
1723548366075 0.07068922370672226 749
1723548389454 0.023944329470396042 799
1723548412468 0.03102416917681694 849
