1723023387279 0 49
1723023409849 0 99
1723023425164 0 122
1723023439063 0 149
1723023462188 0 199
1723023488462 0 245
1723023491649 1 249
1723023514821 1 299
1723023538013 1 349
1723023551761 1 368
1723023566075 1 399
1723023589298 1 449
1723023614667 1 491
1723023618267 2 499
1723023642492 2 549
1723023666844 2 599
1723023679253 2 614
1723023696167 2 649
1723023720007 2 699
1723023743421 2 737
1723023748995 3 749
1723023773014 3 799
1723023797026 3 849
1723023807455 3 860
1723023826377 3 899
1723023850475 3 949
1723023871922 3 983
1723023879411 4 999
1723023903377 4 1049
1723023927380 4 1099
1723023935888 4 1106
1723023956399 4 1149
1723023980408 4 1199
1723023999953 4 1229
