1723023387279 0.6885265707969666 49
1723023409849 0.6383703947067261 99
1723023439063 0.4492366313934326 149
1723023462188 0.4782496690750122 199
1723023491649 0.45071113109588623 249
1723023514821 0.44579648971557617 299
1723023538013 0.617921769618988 349
1723023566075 0.10381653159856796 399
1723023589298 0.5918351411819458 449
1723023618267 0.1878138929605484 499
1723023642492 0.25185543298721313 549
1723023666844 0.03493864834308624 599
1723023696167 0.03427937999367714 649
1723023720007 0.3093561828136444 699
1723023748995 0.09990474581718445 749
1723023773014 0.12591485679149628 799
1723023797026 0.3049817383289337 849
1723023826377 0.5073927640914917 899
1723023850475 0.1704241931438446 949
1723023879411 0.11756011098623276 999
1723023903377 0.02692171186208725 1049
1723023927380 0.015608295798301697 1099
1723023956399 0.023287788033485413 1149
1723023980408 0.03615030273795128 1199
