1721991168612 0 49
1721991191159 0 99
1721991207042 0 123
1721991220789 1 149
1721991243976 1 199
1721991271026 1 247
1721991273725 2 249
1721991297037 2 299
1721991320426 2 349
1721991335144 2 371
1721991349804 3 399
1721991372717 3 449
1721991398635 3 495
1721991402464 4 499
1721991425349 4 549
1721991448220 4 599
1721991462395 4 619
1721991478122 5 649
1721991501153 5 699
1721991525998 5 743
1721991528990 6 749
1721991551838 6 799
1721991575093 6 849
1721991588089 6 867
1721991603148 7 899
1721991626106 7 949
1721991649982 7 991
