1721991168612 0.6688227653503418 49
1721991191159 0.24862635135650635 99
1721991220789 0.4061855971813202 149
1721991243976 0.0802026316523552 199
1721991273725 0.4132818281650543 249
1721991297037 0.03823894262313843 299
1721991320426 0.32134830951690674 349
1721991349804 0.03032933920621872 399
1721991372717 0.025978293269872665 449
1721991402464 0.014209229499101639 499
1721991425349 0.008901096880435944 549
1721991448220 0.9010407328605652 599
1721991478122 0.0058707441203296185 649
1721991501153 0.004741620738059282 699
1721991528990 0.00442617479711771 749
1721991551838 0.0041271080262959 799
1721991575093 0.003360604401677847 849
1721991603148 0.002903193701058626 899
1721991626106 0.0027096825651824474 949
