1723014548869 0 49
1723014571328 0 99
1723014586570 0 122
1723014600228 0 149
1723014622935 0 199
1723014648722 0 245
1723014652172 0 249
1723014675690 0 299
1723014698253 0 349
1723014711825 0 368
1723014725955 0 399
1723014749049 0 449
1723014773125 0 491
1723014776769 0 499
1723014799468 0 549
1723014822478 0 599
1723014834311 0 614
1723014850428 0 649
1723014873371 0 699
1723014895887 0 737
1723014902858 1 749
1723014925853 1 799
1723014948336 1 849
1723014958292 1 860
1723014976122 1 899
1723014999070 1 949
1723015019610 1 983
1723015026974 1 999
1723015049669 1 1049
1723015072860 1 1099
1723015081060 1 1106
1723015101412 1 1149
1723015124166 1 1199
1723015143150 1 1229
1723015152344 1 1249
1723015175255 1 1299
1723015198553 1 1349
1723015204912 1 1352
1723015226585 1 1399
1723015249308 1 1449
1723015266005 1 1475
1723015276954 2 1499
1723015299717 2 1549
1723015327044 2 1598
1723015327508 2 1599
1723015350444 2 1649
1723015373053 2 1699
1723015388015 2 1721
