1723014548869 0.6903848052024841 49
1723014571328 0.41330504417419434 99
1723014600228 0.1609593778848648 149
1723014622935 0.30262085795402527 199
1723014652172 0.07948862761259079 249
1723014675690 0.08212220668792725 299
1723014698253 0.11643446981906891 349
1723014725955 0.09924817830324173 399
1723014749049 0.06148136407136917 449
1723014776769 0.053150344640016556 499
1723014799468 0.02918689325451851 549
1723014822478 0.029209187254309654 599
1723014850428 0.024080105125904083 649
1723014873371 0.29115667939186096 699
1723014902858 0.030346866697072983 749
1723014925853 0.06815367192029953 799
1723014948336 0.07540100067853928 849
1723014976122 0.03228313475847244 899
1723014999070 0.05301728844642639 949
1723015026974 0.13031421601772308 999
1723015049669 0.012743148021399975 1049
1723015072860 0.1466379314661026 1099
1723015101412 0.18429523706436157 1149
1723015124166 0.018700961023569107 1199
1723015152344 0.04222215339541435 1249
1723015175255 0.015027026645839214 1299
1723015198553 0.009633232839405537 1349
1723015226585 0.008835820481181145 1399
1723015249308 0.1370333731174469 1449
1723015276954 0.04141015559434891 1499
1723015299717 0.010608959011733532 1549
1723015327508 0.008137531578540802 1599
1723015350444 0.18011869490146637 1649
1723015373053 0.013272367417812347 1699
