1723450523547 0.6785719990730286 49
1723450547096 0.5895520448684692 99
1723450577812 0.46394675970077515 149
1723450601638 0.2828984260559082 199
1723450632217 0.38469916582107544 249
1723450655963 0.16105012595653534 299
1723450679537 0.687092125415802 349
1723450709067 0.5353962182998657 399
1723450731937 0.06886434555053711 449
1723450759704 0.2714148759841919 499
1723450782623 0.06916161626577377 549
1723450805637 0.26384302973747253 599
1723450835641 0.018257662653923035 649
1723450858482 0.35854941606521606 699
