1722343862711 0 49
1722343885105 0 99
1722343900375 0 122
1722343913851 0 149
1722343936212 0 199
1722343961813 0 245
1722343964937 1 249
1722343987563 1 299
1722344010021 1 349
1722344024637 1 368
1722344038640 1 399
1722344061079 1 449
1722344084743 1 491
1722344088186 2 499
1722344110649 2 549
1722344133193 2 599
1722344144874 2 614
1722344162298 2 649
1722344184818 2 699
1722344207471 2 737
1722344212714 3 749
1722344235273 3 799
1722344257745 3 849
1722344267620 3 860
1722344285306 3 899
1722344307702 3 949
1722344327805 3 983
