1722343862711 0.29436975717544556 49
1722343885105 0.22962507605552673 99
1722343913851 0.2596597373485565 149
1722343936212 0.324966162443161 199
1722343964937 0.31029844284057617 249
1722343987563 0.7285816669464111 299
1722344010021 0.13472509384155273 349
1722344038640 0.10590212792158127 399
1722344061079 0.6245108842849731 449
1722344088186 0.1394403576850891 499
1722344110649 0.09337086975574493 549
1722344133193 0.008694643154740334 599
1722344162298 0.007693300489336252 649
1722344184818 0.2970803380012512 699
1722344212714 0.021417057141661644 749
1722344235273 0.030855674296617508 799
1722344257745 0.003436834318563342 849
1722344285306 0.0033693865407258272 899
1722344307702 0.30342838168144226 949
