1722940570882 0 49
1722940594442 0 99
1722940610529 0 122
1722940624665 0 149
1722940648401 0 199
1722940675601 0 245
1722940679034 0 249
1722940702666 0 299
1722940726533 0 349
1722940740618 0 368
1722940755198 0 399
1722940778719 0 449
1722940803551 0 491
1722940807367 0 499
1722940831048 0 549
1722940854818 0 599
1722940867148 0 614
1722940883662 1 649
1722940907073 1 699
1722940930331 1 737
1722940936087 1 749
1722940959521 1 799
1722940983045 1 849
1722940993464 1 860
1722941012178 1 899
1722941036162 1 949
1722941057397 1 983
1722941064949 1 999
1722941088847 1 1049
1722941112769 1 1099
1722941121231 1 1106
1722941141754 1 1149
1722941165730 1 1199
1722941185288 1 1229
1722941194514 2 1249
1722941217885 2 1299
1722941241510 2 1349
1722941248096 2 1352
1722941270747 2 1399
1722941294451 2 1449
1722941311928 2 1475
