1722940570882 0.5290748476982117 49
1722940594442 0.15650250017642975 99
1722940624665 0.35096651315689087 149
1722940648401 0.1687508523464203 199
1722940679034 0.28780314326286316 249
1722940702666 0.21414029598236084 299
1722940726533 0.18684421479701996 349
1722940755198 0.27678149938583374 399
1722940778719 0.33194491267204285 449
1722940807367 0.012567858211696148 499
1722940831048 0.04591120406985283 549
1722940854818 0.011805363930761814 599
1722940883662 0.01055880356580019 649
1722940907073 0.1250678300857544 699
1722940936087 0.13060081005096436 749
1722940959521 0.02227843925356865 799
1722940983045 0.008292511105537415 849
1722941012178 0.11073073744773865 899
1722941036162 0.08131711184978485 949
1722941064949 0.07295464724302292 999
1722941088847 0.38140231370925903 1049
1722941112769 0.00788719393312931 1099
1722941141754 0.05412636697292328 1149
1722941165730 0.005595495458692312 1199
1722941194514 0.007932459004223347 1249
1722941217885 0.035599153488874435 1299
1722941241510 0.12965810298919678 1349
1722941270747 0.004915101453661919 1399
1722941294451 0.033358797430992126 1449
