1721990731478 0.6620245575904846 49
1721990754033 0.33176878094673157 99
1721990783376 0.3903117775917053 149
1721990806193 0.08755524456501007 199
1721990835464 0.3137078285217285 249
1721990858685 0.035845350474119186 299
1721990882308 0.1180606335401535 349
1721990912244 0.1500575840473175 399
1721990935517 0.025220276787877083 449
1721990965160 0.020831212401390076 499
1721990987942 0.00694368127733469 549
1721991010977 0.00685395672917366 599
1721991039071 0.21601998805999756 649
1721991061858 0.014782305806875229 699
