1723024093960 0 49
1723024117680 0 99
1723024133794 0 122
1723024148269 0 149
1723024172122 0 199
1723024199300 0 245
1723024202521 1 249
1723024226687 1 299
1723024250634 1 349
1723024264917 1 368
1723024279884 1 399
1723024303931 1 449
1723024329068 1 491
1723024332789 2 499
1723024356895 2 549
1723024381053 2 599
1723024393517 2 614
1723024410632 2 649
1723024434753 2 699
1723024458205 2 737
1723024463815 3 749
1723024487961 3 799
1723024512119 3 849
1723024522573 3 860
1723024541457 3 899
1723024565683 3 949
1723024587187 3 983
1723024594721 4 999
1723024618815 4 1049
1723024643018 4 1099
1723024651535 4 1106
1723024672254 4 1149
1723024696502 4 1199
1723024716088 4 1229
1723024725562 5 1249
1723024749537 5 1299
1723024773797 5 1349
1723024780539 5 1352
1723024803400 5 1399
1723024827241 5 1449
1723024845104 5 1475
1723024856636 6 1499
1723024880675 6 1549
1723024909270 6 1598
1723024909754 6 1599
1723024934036 6 1649
1723024958241 6 1699
1723024974081 6 1721
1723024987514 7 1749
1723025011700 7 1799
1723025038503 7 1844
1723025040976 7 1849
1723025065033 7 1899
1723025089092 7 1949
1723025102983 7 1967
1723025118225 8 1999
1723025142027 8 2049
1723025166753 8 2090
1723025171102 8 2099
1723025195481 8 2149
1723025219531 8 2199
1723025231413 8 2213
1723025248485 9 2249
1723025272558 9 2299
1723025295279 9 2336
1723025301614 9 2349
1723025325625 9 2399
1723025349694 9 2449
1723025359661 9 2459
