1723024093960 0.6988394856452942 49
1723024117680 0.6873166561126709 99
1723024148269 0.7006916999816895 149
1723024172122 0.6933131217956543 199
1723024202521 0.7015687823295593 249
1723024226687 0.6863131523132324 299
1723024250634 0.614404559135437 349
1723024279884 0.4423048794269562 399
1723024303931 0.48218706250190735 449
1723024332789 0.27608415484428406 499
1723024356895 0.47667819261550903 549
1723024381053 0.16192616522312164 599
1723024410632 0.1729530692100525 649
1723024434753 0.24030064046382904 699
1723024463815 0.4504363536834717 749
1723024487961 0.4561998248100281 799
1723024512119 0.4794505536556244 849
1723024541457 0.4089300036430359 899
1723024565683 0.39087051153182983 949
1723024594721 0.34398341178894043 999
1723024618815 0.7592160105705261 1049
1723024643018 0.07422278076410294 1099
1723024672254 0.2579956352710724 1149
1723024696502 0.15386445820331573 1199
1723024725562 0.36139214038848877 1249
1723024749537 0.1118837520480156 1299
1723024773797 0.15860143303871155 1349
1723024803400 0.1582469940185547 1399
1723024827241 0.05274507775902748 1449
1723024856636 0.07663020491600037 1499
1723024880675 0.04560781642794609 1549
1723024909754 0.1116967424750328 1599
1723024934036 0.3087994456291199 1649
1723024958241 0.06252744048833847 1699
1723024987514 0.0524834543466568 1749
1723025011700 0.03825267404317856 1799
1723025040976 0.037609487771987915 1849
1723025065033 0.062462106347084045 1899
1723025089092 0.05293098837137222 1949
1723025118225 0.14480385184288025 1999
1723025142027 0.05472922325134277 2049
1723025171102 0.06216258928179741 2099
1723025195481 0.05809690058231354 2149
1723025219531 0.05291267856955528 2199
1723025248485 0.06404578685760498 2249
1723025272558 0.0255738478153944 2299
1723025301614 0.034709732979536057 2349
1723025325625 0.058812811970710754 2399
1723025349694 0.024700947105884552 2449
