1724918252967 0 49
1724918275550 0 99
1724918291213 0 123
1724918304827 1 149
1724918327612 1 199
1724918354218 1 247
1724918356823 2 249
1724918379992 2 299
1724918403158 2 349
1724918418153 2 371
1724918433004 3 399
1724918456431 3 449
1724918482725 3 495
1724918486410 4 499
1724918509466 4 549
1724918532449 4 599
1724918546336 4 619
1724918561926 5 649
1724918584926 5 699
1724918609844 5 743
1724918614500 6 749
1724918637722 6 799
1724918660939 6 849
1724918674039 6 867
1724918689309 7 899
1724918712712 7 949
1724918736752 7 991
1724918742359 8 999
1724918765675 8 1049
1724918788665 8 1099
1724918800661 8 1115
1724918818402 9 1149
1724918841935 9 1199
1724918865441 9 1239
1724918870370 10 1249
1724918893440 10 1299
1724918916563 10 1349
1724918927741 10 1363
