1724918252967 0.6778762340545654 49
1724918275550 0.6818848848342896 99
1724918304827 0.5212858319282532 149
1724918327612 0.36902379989624023 199
1724918356823 0.19984039664268494 249
1724918379992 0.1586441695690155 299
1724918403158 0.349112331867218 349
1724918433004 0.1880989819765091 399
1724918456431 0.14201995730400085 449
1724918486410 0.05824747309088707 499
1724918509466 0.05002233013510704 549
1724918532449 0.0576217882335186 599
1724918561926 0.06187339499592781 649
1724918584926 0.02135486900806427 699
1724918614500 0.0246439166367054 749
1724918637722 0.032646097242832184 799
1724918660939 0.021107621490955353 849
1724918689309 0.022699024528265 899
1724918712712 0.014126189984381199 949
1724918742359 0.03622614964842796 999
1724918765675 0.012015843763947487 1049
1724918788665 0.2740265130996704 1099
1724918818402 0.012308632954955101 1149
1724918841935 0.32780030369758606 1199
1724918870370 0.01004155445843935 1249
1724918893440 0.007336829788982868 1299
1724918916563 0.00673591298982501 1349
