1723025408118 0 49
1723025432081 0 99
1723025448276 0 122
1723025462796 0 149
1723025486661 0 199
1723025513876 0 245
1723025517109 1 249
1723025541247 1 299
1723025565310 1 349
1723025579851 1 368
1723025595014 1 399
1723025619344 1 449
1723025644672 1 491
1723025648345 2 499
1723025672531 2 549
1723025696704 2 599
1723025709174 2 614
1723025726117 2 649
1723025750391 2 699
1723025774030 2 737
1723025779599 3 749
1723025803688 3 799
1723025827718 3 849
1723025838157 3 860
1723025856912 3 899
1723025880952 3 949
1723025902407 3 983
1723025909924 4 999
1723025934096 4 1049
1723025958274 4 1099
1723025966907 4 1106
1723025987452 4 1149
1723026011451 4 1199
1723026030200 4 1229
