1723025408118 0.6847911477088928 49
1723025432081 0.6216834187507629 99
1723025462796 0.4019376337528229 149
1723025486661 0.46108612418174744 199
1723025517109 0.4210313856601715 249
1723025541247 0.4065988063812256 299
1723025565310 0.5517867803573608 349
1723025595014 0.09188812971115112 399
1723025619344 0.6366931796073914 449
1723025648345 0.2229267954826355 499
1723025672531 0.20782431960105896 549
1723025696704 0.02935563027858734 599
1723025726117 0.028361985459923744 649
1723025750391 0.30569180846214294 699
1723025779599 0.07536051422357559 749
1723025803688 0.07071894407272339 799
1723025827718 0.21476523578166962 849
1723025856912 0.47797688841819763 899
1723025880952 0.09745053201913834 949
1723025909924 0.03886749595403671 999
1723025934096 0.031666312366724014 1049
1723025958274 0.011932486668229103 1099
1723025987452 0.01121918298304081 1149
1723026011451 0.02307811938226223 1199
