1724841964436 0 49
1724841987113 0 99
1724842002895 0 123
1724842016504 0 149
1724842038980 0 199
1724842065666 1 247
1724842068061 1 249
1724842090697 1 299
1724842113312 1 349
1724842128194 1 371
1724842142637 1 399
1724842165304 1 449
1724842191049 2 495
1724842194501 2 499
1724842217219 2 549
1724842239768 2 599
1724842254187 2 619
1724842269670 2 649
1724842292893 2 699
1724842317799 3 743
1724842320624 3 749
1724842343578 3 799
1724842366240 3 849
1724842379329 3 867
1724842394228 3 899
1724842417080 3 949
1724842441022 4 991
