1724841964436 0.6926895380020142 49
1724841987113 0.636767566204071 99
1724842016504 0.4864949882030487 149
1724842038980 0.3482949733734131 199
1724842068061 0.4830164611339569 249
1724842090697 0.3695789575576782 299
1724842113312 0.31550168991088867 349
1724842142637 0.7336174845695496 399
1724842165304 0.5096010565757751 449
1724842194501 0.18779513239860535 499
1724842217219 0.13034744560718536 549
1724842239768 0.041621316224336624 599
1724842269670 0.015744462609291077 649
1724842292893 0.577629804611206 699
1724842320624 0.07850874215364456 749
1724842343578 0.06345357745885849 799
1724842366240 0.00843222439289093 849
1724842394228 0.007592497393488884 899
1724842417080 0.23053491115570068 949
