1721912557064 0 49
1721912580033 0 99
1721912595802 0 123
1721912609278 1 149
1721912632386 1 199
1721912658974 1 247
1721912661654 2 249
1721912684277 2 299
1721912707012 2 349
1721912722043 2 371
1721912736879 3 399
1721912759694 3 449
1721912786030 3 495
1721912789731 4 499
1721912812718 4 549
1721912836725 4 599
1721912850516 4 619
1721912866038 5 649
1721912888908 5 699
1721912913708 5 743
1721912918290 6 749
1721912941396 6 799
1721912964636 6 849
1721912977537 6 867
1721912993985 7 899
1721913017148 7 949
1721913041233 7 991
1721913046763 8 999
1721913069845 8 1049
1721913093648 8 1099
1721913105929 8 1115
1721913123424 9 1149
1721913146652 9 1199
1721913169797 9 1239
