1721912557064 0.6788504719734192 49
1721912580033 0.5750714540481567 99
1721912609278 0.6193737983703613 149
1721912632386 0.689937949180603 199
1721912661654 0.468087762594223 249
1721912684277 0.4641564190387726 299
1721912707012 0.9023522138595581 349
1721912736879 0.5339467525482178 399
1721912759694 0.573554277420044 449
1721912789731 0.5064146518707275 499
1721912812718 0.30429670214653015 549
1721912836725 0.5900850892066956 599
1721912866038 0.7867457866668701 649
1721912888908 0.19138576090335846 699
1721912918290 0.4768937826156616 749
1721912941396 0.39437922835350037 799
1721912964636 0.14875297248363495 849
1721912993985 0.1668519377708435 899
1721913017148 0.2696831226348877 949
1721913046763 0.07811742275953293 999
1721913069845 0.04550578445196152 1049
1721913093648 0.3649062216281891 1099
1721913123424 0.08073660731315613 1149
1721913146652 0.0584259033203125 1199
