1722342582592 0 49
1722342604945 0 99
1722342620179 0 122
1722342633557 0 149
1722342655544 0 199
1722342680709 0 245
1722342684041 0 249
1722342705979 0 299
1722342727918 0 349
1722342741202 0 368
1722342756922 0 399
1722342779059 0 449
1722342802772 0 491
1722342808020 0 499
1722342830034 0 549
1722342852215 0 599
1722342863650 0 614
1722342879012 0 649
1722342901251 0 699
1722342922990 0 737
1722342929925 0 749
1722342952017 0 799
1722342973919 0 849
1722342983700 0 860
1722343002603 1 899
1722343024629 1 949
1722343044472 1 983
1722343051296 1 999
1722343073556 1 1049
1722343095835 1 1099
1722343103893 1 1106
1722343122920 1 1149
1722343144875 1 1199
1722343163119 1 1229
1722343173411 1 1249
1722343195525 1 1299
1722343218095 1 1349
1722343224329 1 1352
1722343244979 1 1399
1722343267240 1 1449
1722343283469 1 1475
1722343293850 1 1499
1722343316251 1 1549
1722343342835 1 1598
1722343344913 1 1599
1722343366684 1 1649
1722343388819 1 1699
1722343403495 1 1721
1722343417412 2 1749
1722343439548 2 1799
1722343464319 2 1844
1722343466584 2 1849
1722343488353 2 1899
1722343510908 2 1949
1722343523962 2 1967
1722343538257 2 1999
1722343560448 2 2049
1722343583362 2 2090
