1722342582592 0.26424580812454224 49
1722342604945 0.026407960802316666 99
1722342633557 0.013983871787786484 149
1722342655544 0.0503355972468853 199
1722342684041 0.06393052637577057 249
1722342705979 0.1668328195810318 299
1722342727918 0.014523573219776154 349
1722342756922 0.005857113748788834 399
1722342779059 0.1215386763215065 449
1722342808020 0.03492368757724762 499
1722342830034 0.06903747469186783 549
1722342852215 0.11667434126138687 599
1722342879012 0.0029202799778431654 649
1722342901251 0.0028282301500439644 699
1722342929925 0.020363595336675644 749
1722342952017 0.0043508452363312244 799
1722342973919 0.026847727596759796 849
1722343002603 0.0019513573497533798 899
1722343024629 0.05966169014573097 949
1722343051296 0.030148467049002647 999
1722343073556 0.013714605942368507 1049
1722343095835 0.023138267919421196 1099
1722343122920 0.04405196011066437 1149
1722343144875 0.11617199331521988 1199
1722343173411 0.002081014448776841 1249
1722343195525 0.020683757960796356 1299
1722343218095 0.022696729749441147 1349
1722343244979 0.02260313369333744 1399
1722343267240 0.0009751416509971023 1449
1722343293850 0.002186649711802602 1499
1722343316251 0.0008067912422120571 1549
1722343344913 0.0009904910111799836 1599
1722343366684 0.0008259295718744397 1649
1722343388819 0.005231177434325218 1699
1722343417412 0.0042206235229969025 1749
1722343439548 0.001989751821383834 1799
1722343466584 0.0007211399497464299 1849
1722343488353 0.0015402198769152164 1899
1722343510908 0.0009643993107602 1949
1722343538257 0.0005854008486494422 1999
1722343560448 0.0015060529112815857 2049
