1725519324737 0 49
1725519331401 0 99
1725519337847 0 149
1725519344548 0 199
1725519351368 0 249
1725519358050 0 299
1725519364772 0 349
1725519371307 0 399
1725519377894 0 449
1725519389450 0 493
1725519391908 1 499
1725519398747 1 549
1725519405581 1 599
1725519412374 1 649
1725519418909 1 699
1725519425860 1 749
1725519432531 1 799
1725519439567 1 849
1725519446278 1 899
1725519453017 1 949
1725519463965 1 987
1725519467340 2 999
1725519473933 2 1049
1725519480896 2 1099
1725519487566 2 1149
1725519494391 2 1199
1725519501197 2 1249
1725519508071 2 1299
1725519514820 2 1349
1725519521494 2 1399
1725519528021 2 1449
1725519538002 2 1481
1725519542243 3 1499
1725519549042 3 1549
1725519555996 3 1599
1725519562706 3 1649
1725519569288 3 1699
1725519576100 3 1749
1725519582691 3 1799
1725519589641 3 1849
1725519596314 3 1899
1725519603043 3 1949
1725519612378 3 1975
1725519617560 4 1999
1725519624434 4 2049
1725519631211 4 2099
1725519638227 4 2149
1725519645480 4 2199
1725519652621 4 2249
1725519659538 4 2299
1725519666493 4 2349
1725519673117 4 2399
1725519680070 4 2449
1725519688426 4 2469
1725519692799 5 2499
1725519699655 5 2549
1725519706280 5 2599
1725519712762 5 2649
1725519719670 5 2699
1725519726641 5 2749
1725519733523 5 2799
1725519740288 5 2849
1725519747141 5 2899
1725519753988 5 2949
1725519761661 5 2963
1725519766700 6 2999
1725519773511 6 3049
1725519780582 6 3099
1725519787531 6 3149
1725519794303 6 3199
1725519800959 6 3249
1725519807842 6 3299
1725519814663 6 3349
1725519821640 6 3399
1725519828477 6 3449
1725519835386 6 3457
