1725519324737 0.5444589853286743 49
1725519331401 0.8080588579177856 99
1725519337847 0.4377594292163849 149
1725519344548 0.8186311721801758 199
1725519351368 0.7806954979896545 249
1725519358050 0.34160321950912476 299
1725519364772 0.8457151651382446 349
1725519371307 0.49943339824676514 399
1725519377894 0.057901401072740555 449
1725519391908 0.1751149743795395 499
1725519398747 0.9809408783912659 549
1725519405581 0.27662232518196106 599
1725519412374 0.6614354848861694 649
1725519418909 0.051122184842824936 699
1725519425860 0.0625026673078537 749
1725519432531 0.11213845014572144 799
1725519439567 0.715817928314209 849
1725519446278 0.08732208609580994 899
1725519453017 0.057921815663576126 949
1725519467340 0.5915817022323608 999
1725519473933 0.0361129529774189 1049
1725519480896 0.024931831285357475 1099
1725519487566 0.019982174038887024 1149
1725519494391 0.08393245190382004 1199
1725519501197 0.2855101525783539 1249
1725519508071 0.025705840438604355 1299
1725519514820 0.47882696986198425 1349
1725519521494 1.7874364852905273 1399
1725519528021 0.03688742592930794 1449
1725519542243 0.0479777529835701 1499
1725519549042 0.022679906338453293 1549
1725519555996 0.03408338502049446 1599
1725519562706 0.019951118156313896 1649
1725519569288 0.010194597765803337 1699
1725519576100 0.008611530996859074 1749
1725519582691 0.01111508533358574 1799
1725519589641 0.022967267781496048 1849
1725519596314 0.03607051074504852 1899
1725519603043 0.032851897180080414 1949
1725519617560 0.016196386888623238 1999
1725519624434 0.016285628080368042 2049
1725519631211 0.010681947693228722 2099
1725519638227 0.01997130922973156 2149
1725519645480 0.00541854090988636 2199
1725519652621 0.035563644021749496 2249
1725519659538 0.007393280044198036 2299
1725519666493 0.016439085826277733 2349
1725519673117 0.009958066046237946 2399
1725519680070 0.006958700716495514 2449
1725519692799 0.011712455190718174 2499
1725519699655 0.004829582758247852 2549
1725519706280 0.005952958017587662 2599
1725519712762 0.005698421970009804 2649
1725519719670 0.009830010123550892 2699
1725519726641 2.3356401920318604 2749
1725519733523 0.018210511654615402 2799
1725519740288 0.004866144619882107 2849
1725519747141 0.0032873861491680145 2899
1725519753988 0.004315144848078489 2949
1725519766700 0.0026706221979111433 2999
1725519773511 0.007994398474693298 3049
1725519780582 0.19031643867492676 3099
1725519787531 0.015861719846725464 3149
1725519794303 0.014466111548244953 3199
1725519800959 0.003853564616292715 3249
1725519807842 0.005196725949645042 3299
1725519814663 0.0037343548610806465 3349
1725519821640 0.0032520098611712456 3399
1725519828477 0.0037483307532966137 3449
