1725368359642 0 49
1725368376666 0 99
1725368389980 0 123
1725368399812 0 149
1725368417085 0 199
1725368439077 1 247
1725368440616 1 249
1725368458074 1 299
1725368475264 1 349
1725368487919 1 371
1725368497711 1 399
1725368514845 1 449
1725368536145 2 495
1725368539701 2 499
1725368563533 2 549
1725368587330 2 599
1725368601993 2 619
1725368618172 2 649
1725368642530 2 699
1725368668611 3 743
1725368673194 3 749
1725368697302 3 799
1725368721035 3 849
1725368734762 3 867
1725368751876 3 899
1725368775801 3 949
1725368800863 4 991
