1725368359642 0.7011446952819824 49
1725368376666 0.708555281162262 99
1725368399812 0.6936551332473755 149
1725368417085 0.6781680583953857 199
1725368440616 0.6724453568458557 249
1725368458074 0.6997362971305847 299
1725368475264 0.6945005655288696 349
1725368497711 0.7031810879707336 399
1725368514845 0.6933836936950684 449
1725368539701 0.6690794825553894 499
1725368563533 0.6518590450286865 549
1725368587330 0.3142678737640381 599
1725368618172 0.2306884378194809 649
1725368642530 0.4987456500530243 699
1725368673194 0.21284037828445435 749
1725368697302 0.08380822837352753 799
1725368721035 0.06103704869747162 849
1725368751876 0.030082842335104942 899
1725368775801 0.10903272032737732 949
