1725978205012 0 49
1725978269298 0 84
1725978297311 0 99
1725978368566 0 149
1725978410728 1 169
1725978460113 1 199
1725978529710 1 249
1725978553195 1 254
1725978652594 1 299
1725978725568 2 338
1725978774291 2 349
1725978843730 2 399
1725978894651 2 423
1725978967758 2 449
1725979035155 2 499
1725979063781 3 508
1725979120716 3 549
1725979194916 3 593
1725979203329 3 599
1725979268338 3 649
1725979321764 4 677
1725979356167 4 699
1725979423960 4 749
1725979457082 4 762
1725979505991 4 799
1725979583635 5 847
1725979587204 5 849
1725979654134 5 899
1725979713182 5 932
