1725978205012 0.7688232064247131 49
1725978297311 0.6863577365875244 99
1725978368566 0.636601448059082 149
1725978460113 0.5369568467140198 199
1725978529710 0.7132271528244019 249
1725978652594 0.9885937571525574 299
1725978774291 0.14248338341712952 349
1725978843730 0.10911878198385239 399
1725978967758 0.036614879965782166 449
1725979035155 0.0653790682554245 499
1725979120716 0.03167623654007912 549
1725979203329 0.013435120694339275 599
1725979268338 0.03040190041065216 649
1725979356167 0.010312387719750404 699
1725979423960 0.0891440287232399 749
1725979505991 0.04544976353645325 799
1725979587204 0.03535478189587593 849
1725979654134 0.022384582087397575 899
