1722952300761 0 49
1722952323454 0 99
1722952338758 0 122
1722952352685 0 149
1722952375209 0 199
1722952402010 0 245
1722952405364 0 249
1722952428604 0 299
1722952451419 0 349
1722952464957 0 368
1722952479058 0 399
1722952501721 0 449
1722952525558 0 491
1722952529295 0 499
1722952552022 0 549
1722952574688 0 599
1722952586371 0 614
1722952602042 1 649
1722952624475 1 699
1722952646809 1 737
1722952652405 1 749
1722952675084 1 799
1722952697789 1 849
1722952707482 1 860
1722952725468 1 899
1722952748238 1 949
1722952768560 1 983
1722952775888 1 999
1722952798873 1 1049
1722952821487 1 1099
1722952829785 1 1106
1722952849285 1 1149
1722952872073 1 1199
1722952890624 1 1229
1722952899784 2 1249
1722952922511 2 1299
1722952945166 2 1349
1722952951421 2 1352
1722952972946 2 1399
1722952995454 2 1449
1722953012155 2 1475
1722953023061 2 1499
1722953045425 2 1549
1722953072581 2 1598
