1722952300761 0.6942802667617798 49
1722952323454 0.6044756174087524 99
1722952352685 0.41232436895370483 149
1722952375209 0.20770807564258575 199
1722952405364 0.398836612701416 249
1722952428604 0.5502819418907166 299
1722952451419 0.10326790809631348 349
1722952479058 0.4402547776699066 399
1722952501721 0.3466476500034332 449
1722952529295 0.033479057252407074 499
1722952552022 0.07514166831970215 549
1722952574688 0.049772825092077255 599
1722952602042 0.02507350593805313 649
1722952624475 0.4981144368648529 699
1722952652405 0.12728095054626465 749
1722952675084 0.028234124183654785 799
1722952697789 0.03048931621015072 849
1722952725468 0.030020292848348618 899
1722952748238 0.06320823729038239 949
1722952775888 0.1426132470369339 999
1722952798873 0.4504407048225403 1049
1722952821487 0.34995943307876587 1099
1722952849285 0.08374512940645218 1149
1722952872073 0.014991704374551773 1199
1722952899784 0.02542995847761631 1249
1722952922511 0.1032794788479805 1299
1722952945166 0.17136159539222717 1349
1722952972946 0.009209110401570797 1399
1722952995454 0.01593770831823349 1449
1722953023061 0.007164659909904003 1499
1722953045425 0.009327397681772709 1549
