1725892615382 168.7376708984375 49
1725892627165 68.97321319580078 99
1725892639202 85.8253402709961 149
1725892651224 23.957788467407227 199
1725892670106 44.08979034423828 249
1725892682593 17.6072998046875 299
1725892694624 35.84593963623047 349
1725892706580 29.458005905151367 399
1725892718556 110.20880126953125 449
1725892737535 19.181076049804688 499
1725892749806 80.27865600585938 549
1725892762072 58.6373405456543 599
1725892774317 7.480271051463205e-06 649
1725892786424 56.3560676574707 699
1725892804481 253.9508819580078 749
1725892816686 9.438520431518555 799
1725892828785 0.0 849
1725892840880 20.0230712890625 899
1725892853315 223.01417541503906 949
