1722937720739 0 49
1722937743039 0 99
1722937758412 0 122
1722937772332 0 149
1722937794826 0 199
1722937820176 0 245
1722937823529 0 249
1722937846285 0 299
1722937868724 0 349
1722937882170 0 368
1722937896177 0 399
1722937918864 0 449
1722937942637 0 491
1722937946094 1 499
1722937968779 1 549
1722937991239 1 599
1722938003371 1 614
1722938019487 1 649
1722938041905 1 699
1722938063749 1 737
1722938069197 1 749
1722938091877 1 799
1722938114420 1 849
1722938124171 1 860
1722938141806 1 899
1722938163997 1 949
1722938184351 1 983
1722938191578 2 999
1722938214779 2 1049
1722938238682 2 1099
1722938247078 2 1106
1722938266946 2 1149
1722938289312 2 1199
1722938307750 2 1229
1722938316975 2 1249
1722938339708 2 1299
1722938362107 2 1349
1722938368378 2 1352
1722938389810 2 1399
1722938412189 2 1449
1722938428907 2 1475
