1722937720739 0.5610964298248291 49
1722937743039 0.4344845414161682 99
1722937772332 0.16158628463745117 149
1722937794826 0.12842072546482086 199
1722937823529 0.20142240822315216 249
1722937846285 0.1352832168340683 299
1722937868724 0.12948161363601685 349
1722937896177 0.34752416610717773 399
1722937918864 0.46658048033714294 449
1722937946094 0.13416150212287903 499
1722937968779 0.1096000000834465 549
1722937991239 0.027797028422355652 599
1722938019487 0.12311471998691559 649
1722938041905 0.12292725592851639 699
1722938069197 0.011378660798072815 749
1722938091877 0.029115796089172363 799
1722938114420 0.013069349341094494 849
1722938141806 0.010814910754561424 899
1722938163997 0.015048286877572536 949
1722938191578 0.008350159972906113 999
1722938214779 0.11741778254508972 1049
1722938238682 0.016316179186105728 1099
1722938266946 0.017299428582191467 1149
1722938289312 0.05047275498509407 1199
1722938316975 0.005508752539753914 1249
1722938339708 0.04572997987270355 1299
1722938362107 0.017245516180992126 1349
1722938389810 0.0230901800096035 1399
1722938412189 0.0445607528090477 1449
