1722334704899 0 49
1722334726781 0 99
1722334741725 0 122
1722334755188 0 149
1722334776936 0 199
1722334802279 0 245
1722334805607 0 249
1722334828060 0 299
1722334850075 0 349
1722334863401 0 368
1722334878778 0 399
1722334900960 0 449
1722334924462 0 491
1722334929701 0 499
1722334951818 0 549
1722334973866 0 599
1722334985371 0 614
1722335002570 0 649
1722335024699 0 699
1722335046721 0 737
1722335053602 0 749
1722335076063 0 799
1722335098348 0 849
1722335108078 0 860
1722335129977 0 899
1722335151806 0 949
1722335171610 0 983
1722335180163 0 999
1722335202478 0 1049
1722335224681 0 1099
1722335232733 0 1106
1722335252122 0 1149
1722335274207 0 1199
1722335292595 0 1229
