1722334704899 0.30442172288894653 49
1722334726781 0.3144007921218872 99
1722334755188 0.1372632533311844 149
1722334776936 0.17584341764450073 199
1722334805607 0.02797432616353035 249
1722334828060 0.030265118926763535 299
1722334850075 0.11702892184257507 349
1722334878778 0.010879090055823326 399
1722334900960 0.08426187932491302 449
1722334929701 0.19627033174037933 499
1722334951818 0.01012098416686058 549
1722334973866 0.008536568842828274 599
1722335002570 0.044608667492866516 649
1722335024699 0.10374776273965836 699
1722335053602 0.008257679641246796 749
1722335076063 0.21643388271331787 799
1722335098348 0.039004359394311905 849
1722335129977 0.021778836846351624 899
1722335151806 0.037644293159246445 949
1722335180163 0.0052961669862270355 999
1722335202478 0.0057514808140695095 1049
1722335224681 0.006497712805867195 1099
1722335252122 0.004610755015164614 1149
1722335274207 0.004501765593886375 1199
