1723481534160 0 49
1723481556964 0 99
1723481572542 0 123
1723481586076 1 149
1723481608889 1 199
1723481635437 1 247
1723481638057 2 249
1723481660859 2 299
1723481683700 2 349
1723481698369 2 371
1723481712891 3 399
1723481735738 3 449
1723481761528 3 495
1723481765164 4 499
1723481788005 4 549
1723481810837 4 599
1723481824606 4 619
1723481838512 5 649
1723481861359 5 699
1723481886097 5 743
1723481890638 6 749
1723481913449 6 799
1723481936289 6 849
1723481949462 6 867
1723481964591 7 899
1723481987440 7 949
1723482011284 7 991
1723482016737 8 999
1723482039469 8 1049
1723482062322 8 1099
1723482074275 8 1115
