1723481534160 0.6780037879943848 49
1723481556964 0.6818011999130249 99
1723481586076 0.5019580125808716 149
1723481608889 0.38928699493408203 199
1723481638057 0.19932162761688232 249
1723481660859 0.1496753692626953 299
1723481683700 0.3408029079437256 349
1723481712891 0.14547951519489288 399
1723481735738 0.09439818561077118 449
1723481765164 0.05547391250729561 499
1723481788005 0.03533737361431122 549
1723481810837 0.05814632028341293 599
1723481838512 0.24687105417251587 649
1723481861359 0.023964129388332367 699
1723481890638 0.02396751567721367 749
1723481913449 0.05398940294981003 799
1723481936289 0.016739776358008385 849
1723481964591 0.018970146775245667 899
1723481987440 0.013090540654957294 949
1723482016737 0.025515584275126457 999
1723482039469 0.03037736564874649 1049
1723482062322 0.4875711500644684 1099
