1725526318714 0 49
1725526355625 0 99
1725526385404 0 123
1725526405360 1 149
1725526444474 1 199
1725526492807 1 247
1725526495484 2 249
1725526533266 2 299
1725526570917 2 349
1725526604711 2 371
1725526647931 3 399
1725526700289 3 449
1725526760675 3 495
1725526766451 4 499
1725526816320 4 549
1725526868002 4 599
1725526902273 4 619
1725526934978 5 649
1725526985177 5 699
1725527043576 5 743
1725527051748 6 749
1725527103537 6 799
1725527155898 6 849
1725527185908 6 867
1725527220843 7 899
1725527271863 7 949
1725527326224 7 991
1725527336604 8 999
1725527386606 8 1049
1725527439762 8 1099
1725527469259 8 1115
1725527503696 9 1149
1725527555659 9 1199
1725527609907 9 1239
