1725526318714 0.5576146841049194 49
1725526355625 0.6838663220405579 99
1725526405360 0.651142418384552 149
1725526444474 0.6429837942123413 199
1725526495484 0.5953622460365295 249
1725526533266 0.5772498846054077 299
1725526570917 0.8542829751968384 349
1725526647931 0.8182710409164429 399
1725526700289 0.8963779211044312 449
1725526766451 1.185164451599121 499
1725526816320 1.123112678527832 549
1725526868002 0.3050277829170227 599
1725526934978 0.15555498003959656 649
1725526985177 0.07877953350543976 699
1725527051748 0.10172541439533234 749
1725527103537 0.04132220149040222 799
1725527155898 0.03218400105834007 849
1725527220843 0.021950293332338333 899
1725527271863 0.08853626251220703 949
1725527336604 0.636978030204773 999
1725527386606 0.012913797050714493 1049
1725527439762 0.022752992808818817 1099
1725527503696 0.014301912859082222 1149
1725527555659 0.009062506258487701 1199
