1723449069755 0.6910766959190369 49
1723449091634 0.6523557305335999 99
1723449120860 0.6910090446472168 149
1723449143711 0.2043931633234024 199
1723449172365 0.2784624397754669 249
1723449194223 0.13199461996555328 299
1723449216714 0.19127994775772095 349
1723449246750 0.17661215364933014 399
1723449268877 0.08794514089822769 449
1723449298506 0.07809697836637497 499
1723449320856 0.020983463153243065 549
1723449343088 0.014237983152270317 599
1723449370515 0.01082471664994955 649
1723449393368 0.014987821690738201 699
