1725542684355 0 49
1725542725307 0 99
1725542755141 0 123
1725542776257 1 149
1725542816193 1 199
1725542867184 1 247
1725542869541 2 249
1725542909654 2 299
1725542947969 2 349
1725542979128 2 371
1725543008661 3 399
1725543065648 3 449
1725543124140 3 495
1725543131444 4 499
1725543184055 4 549
1725543237005 4 599
1725543269780 4 619
1725543302295 5 649
1725543356645 5 699
1725543414369 5 743
1725543422063 6 749
1725543473365 6 799
1725543525361 6 849
1725543558716 6 867
1725543593597 7 899
1725543643810 7 949
1725543703306 7 991
1725543712458 8 999
1725543762109 8 1049
1725543817725 8 1099
1725543847540 8 1115
1725543885247 9 1149
1725543937405 9 1199
1725543992327 9 1239
