1725542684355 0.575209379196167 49
1725542725307 0.7696472406387329 99
1725542776257 0.6377281546592712 149
1725542816193 0.5245133638381958 199
1725542869541 0.580906867980957 249
1725542909654 0.8375425338745117 299
1725542947969 0.6446698904037476 349
1725543008661 0.6021832227706909 399
1725543065648 0.47540491819381714 449
1725543131444 0.2738594710826874 499
1725543184055 0.6982698440551758 549
1725543237005 0.15167489647865295 599
1725543302295 1.0702611207962036 649
1725543356645 0.04214944690465927 699
1725543422063 0.016005896031856537 749
1725543473365 0.010634329169988632 799
1725543525361 0.010774858295917511 849
1725543593597 0.01327307429164648 899
1725543643810 0.004706657491624355 949
1725543712458 0.004062024410814047 999
1725543762109 0.002430072519928217 1049
1725543817725 0.004292351193726063 1099
1725543885247 0.004494343418627977 1149
1725543937405 0.003017616458237171 1199
