1724837732215 0 49
1724837754658 0 99
1724837770389 0 123
1724837784222 0 149
1724837807231 0 199
1724837834054 1 247
1724837836470 1 249
1724837859169 1 299
1724837881931 1 349
1724837896830 1 371
1724837911429 1 399
1724837934491 1 449
1724837960354 2 495
1724837963880 2 499
1724837987297 2 549
1724838010612 2 599
1724838025028 2 619
1724838040454 2 649
1724838063617 2 699
1724838088719 3 743
1724838091538 3 749
1724838114562 3 799
1724838137490 3 849
1724838150658 3 867
1724838166975 3 899
1724838189794 3 949
1724838213673 4 991
1724838218906 4 999
1724838241680 4 1049
1724838264630 4 1099
1724838276833 4 1115
