1724837732215 0.6856258511543274 49
1724837754658 0.5961903929710388 99
1724837784222 0.4592439532279968 149
1724837807231 0.21140962839126587 199
1724837836470 0.4418066143989563 249
1724837859169 0.08102012425661087 299
1724837881931 0.7849135398864746 349
1724837911429 0.49038875102996826 399
1724837934491 0.17654547095298767 449
1724837963880 0.10218346118927002 499
1724837987297 0.1922553926706314 549
1724838010612 0.042846567928791046 599
1724838040454 0.05536231771111488 649
1724838063617 0.3882546126842499 699
1724838091538 0.04023352265357971 749
1724838114562 0.016643960028886795 799
1724838137490 0.018748130649328232 849
1724838166975 0.0073644015938043594 899
1724838189794 0.47208553552627563 949
1724838218906 0.08691894263029099 999
1724838241680 0.010627247393131256 1049
1724838264630 0.007854266092181206 1099
