1722332761933 0 49
1722332784119 0 99
1722332799084 0 122
1722332812784 0 149
1722332834998 0 199
1722332860362 0 245
1722332863718 0 249
1722332885947 0 299
1722332908205 0 349
1722332921341 0 368
1722332935267 0 399
1722332957403 0 449
1722332980514 0 491
1722332985651 0 499
1722333007620 0 549
1722333030065 0 599
1722333041598 0 614
1722333058716 0 649
1722333081087 0 699
1722333102972 0 737
1722333109790 0 749
1722333132310 0 799
1722333154451 0 849
1722333164087 0 860
1722333182918 0 899
1722333205283 0 949
1722333225428 0 983
1722333234157 0 999
1722333256480 0 1049
1722333278500 0 1099
1722333286441 0 1106
1722333305524 1 1149
1722333327668 1 1199
1722333345921 1 1229
1722333356407 1 1249
1722333378512 1 1299
1722333400757 1 1349
1722333406961 1 1352
1722333428031 1 1399
1722333449993 1 1449
1722333466589 1 1475
1722333477107 1 1499
1722333499309 1 1549
1722333525979 1 1598
1722333528053 1 1599
1722333550135 1 1649
1722333571978 1 1699
1722333586850 1 1721
1722333599464 1 1749
1722333621833 1 1799
1722333646236 1 1844
1722333648399 1 1849
1722333670606 1 1899
1722333692714 1 1949
1722333705765 1 1967
1722333721872 1 1999
1722333744273 1 2049
1722333767546 1 2090
1722333771638 1 2099
1722333794248 1 2149
1722333816736 1 2199
1722333827664 1 2213
1722333844660 2 2249
1722333866800 2 2299
1722333888118 2 2336
1722333893851 2 2349
1722333915931 2 2399
1722333938114 2 2449
1722333947530 2 2459
1722333965349 2 2499
1722333987594 2 2549
1722334007263 2 2582
