1722332761933 0.05586087703704834 49
1722332784119 0.34295782446861267 99
1722332812784 0.34764137864112854 149
1722332834998 0.04142218455672264 199
1722332863718 0.014897407032549381 249
1722332885947 0.05442004278302193 299
1722332908205 0.004419771954417229 349
1722332935267 0.1948675811290741 399
1722332957403 0.0545831099152565 449
1722332985651 0.003782341256737709 499
1722333007620 0.11095267534255981 549
1722333030065 0.03768501058220863 599
1722333058716 0.14397995173931122 649
1722333081087 0.0019222566625103354 699
1722333109790 0.10486245900392532 749
1722333132310 0.0019271562341600657 799
1722333154451 0.8389630913734436 849
1722333182918 0.0019568668212741613 899
1722333205283 0.055505070835351944 949
1722333234157 0.312042772769928 999
1722333256480 0.1510065495967865 1049
1722333278500 0.001627471181564033 1099
1722333305524 0.0013470116537064314 1149
1722333327668 0.0012916200794279575 1199
1722333356407 0.7497179508209229 1249
1722333378512 0.0012988975504413247 1299
1722333400757 0.0009016848052851856 1349
1722333428031 0.15857046842575073 1399
1722333449993 0.0010097353952005506 1449
1722333477107 0.03326684236526489 1499
1722333499309 0.004997065290808678 1549
1722333528053 0.0015283352695405483 1599
1722333550135 0.0023431838490068913 1649
1722333571978 0.016378073021769524 1699
1722333599464 0.010420596227049828 1749
1722333621833 0.00963529758155346 1799
1722333648399 0.0007150117889977992 1849
1722333670606 0.00114631955511868 1899
1722333692714 0.0006594464066438377 1949
1722333721872 0.0027248843107372522 1999
1722333744273 0.028623543679714203 2049
1722333771638 0.01881645806133747 2099
1722333794248 0.0006229695864021778 2149
1722333816736 0.28456756472587585 2199
1722333844660 0.0024123829789459705 2249
1722333866800 0.00044228005572222173 2299
1722333893851 0.0005274165305308998 2349
1722333915931 0.5327574610710144 2399
1722333938114 0.003792210714891553 2449
1722333965349 0.0005172970704734325 2499
1722333987594 0.0031444858759641647 2549
