1725953084926 0 49
1725953108231 0 99
1725953124694 0 123
1725953138789 1 149
1725953162687 1 199
1725953190580 1 247
1725953193292 2 249
1725953217138 2 299
1725953240374 2 349
1725953255426 2 371
1725953270532 3 399
1725953294287 3 449
1725953320846 3 495
1725953324660 4 499
1725953348334 4 549
1725953372386 4 599
1725953386703 4 619
1725953402785 5 649
1725953426464 5 699
1725953451755 5 743
1725953456483 6 749
1725953479802 6 799
1725953503084 6 849
1725953516308 6 867
1725953533345 7 899
1725953556936 7 949
1725953582270 7 991
1725953586503 8 999
1725953610690 8 1049
1725953634438 8 1099
1725953647051 8 1115
1725953664979 9 1149
1725953688667 9 1199
1725953712647 9 1239
1725953717655 10 1249
1725953740995 10 1299
1725953764746 10 1349
1725953776764 10 1363
1725953794132 11 1399
1725953817649 11 1449
1725953840657 11 1487
