1725953084926 0.6822737455368042 49
1725953108231 0.7062739729881287 99
1725953138789 0.6923733949661255 149
1725953162687 0.6630375385284424 199
1725953193292 0.6712265014648438 249
1725953217138 0.7046911120414734 299
1725953240374 0.6943173408508301 349
1725953270532 0.6700676679611206 399
1725953294287 0.6526663899421692 449
1725953324660 0.6017154455184937 499
1725953348334 0.41271844506263733 549
1725953372386 0.4849877655506134 599
1725953402785 0.5044212937355042 649
1725953426464 0.34439465403556824 699
1725953456483 0.339805006980896 749
1725953479802 0.261868417263031 799
1725953503084 0.2928796410560608 849
1725953533345 0.23570992052555084 899
1725953556936 0.2791668176651001 949
1725953586503 0.18094691634178162 999
1725953610690 0.10133571922779083 1049
1725953634438 0.5203127264976501 1099
1725953664979 0.11106164753437042 1149
1725953688667 0.1666552871465683 1199
1725953717655 0.07478149980306625 1249
1725953740995 0.4364716708660126 1299
1725953764746 0.11134929209947586 1349
1725953794132 0.4399544596672058 1399
1725953817649 0.12442927062511444 1449
