1723544024508 0.6807460784912109 49
1723544047026 0.6865928173065186 99
1723544076362 0.5959447622299194 149
1723544099138 0.3189954459667206 199
1723544128378 0.2766709327697754 249
1723544151152 0.11888963729143143 299
1723544174011 0.3523997962474823 349
1723544203442 0.09617508202791214 399
1723544226341 0.0642140582203865 449
1723544255814 0.05813831835985184 499
1723544278790 0.07620025426149368 549
1723544301736 0.0528845489025116 599
1723544331470 0.2935015559196472 649
1723544354362 0.03119969740509987 699
1723544382289 0.05493777617812157 749
1723544405254 0.039135243743658066 799
1723544428207 0.05363423377275467 849
