1722936915661 0 49
1722936938237 0 99
1722936953390 0 122
1722936966952 0 149
1722936989540 0 199
1722937015634 0 245
1722937019074 0 249
1722937041707 0 299
1722937064870 0 349
1722937078724 0 368
1722937092759 1 399
1722937115546 1 449
1722937140082 1 491
1722937143823 1 499
1722937167090 1 549
1722937189772 1 599
1722937201496 1 614
1722937217411 1 649
1722937239964 1 699
1722937261952 1 737
1722937267320 2 749
1722937290001 2 799
1722937312396 2 849
1722937322299 2 860
1722937339662 2 899
1722937362360 2 949
1722937382716 2 983
1722937390153 2 999
1722937413048 2 1049
1722937436372 2 1099
1722937444462 2 1106
