1722936915661 0.4486580789089203 49
1722936938237 0.38483014702796936 99
1722936966952 0.2717207074165344 149
1722936989540 0.17139413952827454 199
1722937019074 0.45476600527763367 249
1722937041707 0.21344834566116333 299
1722937064870 0.20562979578971863 349
1722937092759 0.18243974447250366 399
1722937115546 0.5557647943496704 449
1722937143823 0.05300522223114967 499
1722937167090 0.059264540672302246 549
1722937189772 0.06941728293895721 599
1722937217411 0.01805911213159561 649
1722937239964 0.024662338197231293 699
1722937267320 0.0480809286236763 749
1722937290001 0.054149266332387924 799
1722937312396 0.03441022336483002 849
1722937339662 0.0296223983168602 899
1722937362360 0.08902958035469055 949
1722937390153 0.0367690846323967 999
1722937413048 0.014611738733947277 1049
1722937436372 0.03105878457427025 1099
