1726220367546 0.6765868067741394 49
1726220390695 0.4654020667076111 99
1726220420428 0.5271649360656738 149
1726220443538 0.18193159997463226 199
1726220473582 0.4623302221298218 249
1726220496615 0.1276479810476303 299
1726220520172 0.206624373793602 349
1726220550318 0.2834615111351013 399
1726220573652 0.355092316865921 449
1726220603964 0.20786620676517487 499
1726220627482 0.08223719894886017 549
1726220650781 0.03099357895553112 599
1726220680777 0.15593430399894714 649
1726220704724 0.13618412613868713 699
1726220735152 0.02448510378599167 749
1726220758387 0.18375593423843384 799
1726220781901 0.016841690987348557 849
1726220812582 0.020457560196518898 899
1726220836076 0.02082548849284649 949
1726220865922 0.012007307261228561 999
1726220889696 0.2648770213127136 1049
1726220912799 0.016737475991249084 1099
1726220941649 0.019249960780143738 1149
1726220964858 0.04177457466721535 1199
