1722935162154 0 49
1722935185178 0 99
1722935200347 0 122
1722935214315 0 149
1722935236983 1 199
1722935262754 1 245
1722935266214 1 249
1722935288860 1 299
1722935311546 1 349
1722935325105 1 368
1722935339366 2 399
1722935362165 2 449
1722935386277 2 491
1722935390204 2 499
1722935414189 2 549
1722935437517 3 599
1722935449696 3 614
1722935466043 3 649
1722935489138 3 699
1722935511293 3 737
1722935516717 4 749
1722935539667 4 799
1722935562423 4 849
1722935572275 4 860
1722935590317 4 899
1722935613054 5 949
1722935633470 5 983
