1722935162154 0.6478450894355774 49
1722935185178 0.6028546690940857 99
1722935214315 0.3394888639450073 149
1722935236983 0.4244268238544464 199
1722935266214 0.6174987554550171 249
1722935288860 0.452325701713562 299
1722935311546 0.7006139755249023 349
1722935339366 0.23476457595825195 399
1722935362165 0.36116623878479004 449
1722935390204 0.15409110486507416 499
1722935414189 0.254910409450531 549
1722935437517 0.055326756089925766 599
1722935466043 0.03245859593153 649
1722935489138 0.11213169246912003 699
1722935516717 0.02233974076807499 749
1722935539667 0.02705971896648407 799
1722935562423 0.01590641401708126 849
1722935590317 0.017102651298046112 899
1722935613054 0.013722671195864677 949
