1722928962540 0 49
1722928985202 0 99
1722929000599 0 122
1722929014242 0 149
1722929036627 0 199
1722929062272 0 245
1722929065348 1 249
1722929088196 1 299
1722929110677 1 349
1722929124213 1 368
1722929139941 1 399
1722929162451 1 449
1722929186177 1 491
1722929191343 2 499
1722929214012 2 549
1722929236605 2 599
1722929248375 2 614
1722929266031 2 649
1722929288792 2 699
1722929310988 2 737
1722929316296 3 749
1722929339138 3 799
1722929362022 3 849
1722929371936 3 860
1722929391250 3 899
1722929413677 3 949
1722929433927 3 983
1722929442537 4 999
1722929465602 4 1049
1722929488182 4 1099
1722929496276 4 1106
1722929516075 4 1149
1722929538673 4 1199
1722929557039 4 1229
1722929565885 5 1249
1722929588166 5 1299
1722929610867 5 1349
1722929617171 5 1352
