1722928962540 0.5655415058135986 49
1722928985202 0.6028768420219421 99
1722929014242 0.45517706871032715 149
1722929036627 0.3086145520210266 199
1722929065348 0.5703539848327637 249
1722929088196 0.4142961800098419 299
1722929110677 0.2652135193347931 349
1722929139941 0.1053287535905838 399
1722929162451 0.3496568202972412 449
1722929191343 0.10391654819250107 499
1722929214012 0.1563083529472351 549
1722929236605 0.021597109735012054 599
1722929266031 0.09269461780786514 649
1722929288792 0.3416018486022949 699
1722929316296 0.06602241843938828 749
1722929339138 0.07867579907178879 799
1722929362022 0.02205328829586506 849
1722929391250 0.04169435799121857 899
1722929413677 0.34407463669776917 949
1722929442537 0.07239553332328796 999
1722929465602 0.014619387686252594 1049
1722929488182 0.008765998296439648 1099
1722929516075 0.034609246999025345 1149
1722929538673 0.03521532192826271 1199
1722929565885 0.06500767171382904 1249
1722929588166 0.0073458547703921795 1299
1722929610867 0.006581456400454044 1349
