1725357069103 0 49
1725357114524 0 99
1725357150723 0 123
1725357176617 1 149
1725357222499 1 199
1725357280751 1 247
1725357283625 2 249
1725357330282 2 299
1725357377435 2 349
1725357413056 2 371
1725357449781 3 399
1725357507013 3 449
1725357576460 3 495
1725357582909 4 499
1725357644488 4 549
1725357708433 4 599
1725357745269 4 619
1725357783799 5 649
1725357844436 5 699
1725357913801 5 743
1725357922704 6 749
1725357980329 6 799
1725358043327 6 849
1725358078387 6 867
1725358118159 7 899
1725358178293 7 949
1725358243826 7 991
