1725357069103 0.5098315477371216 49
1725357114524 0.5262150764465332 99
1725357176617 0.6172888278961182 149
1725357222499 0.6167953014373779 199
1725357283625 0.8303759098052979 249
1725357330282 0.8076603412628174 299
1725357377435 0.7213351726531982 349
1725357449781 1.3886494636535645 399
1725357507013 0.4563143849372864 449
1725357582909 0.3156675100326538 499
1725357644488 0.9831902384757996 549
1725357708433 0.039106667041778564 599
1725357783799 0.024749482050538063 649
1725357844436 0.0352855809032917 699
1725357922704 0.09320787340402603 749
1725357980329 0.02169887349009514 799
1725358043327 0.012866104952991009 849
1725358118159 0.005173150449991226 899
1725358178293 0.0010110802249982953 949
