1723474262960 0 49
1723474285383 0 99
1723474300879 0 123
1723474314262 1 149
1723474337097 1 199
1723474364063 1 247
1723474366609 2 249
1723474389259 2 299
1723474411955 2 349
1723474426518 2 371
1723474440933 3 399
1723474463658 3 449
1723474489414 3 495
1723474491404 4 499
1723474514660 4 549
1723474537448 4 599
1723474551164 4 619
1723474566602 5 649
1723474589400 5 699
1723474614518 5 743
1723474619001 6 749
1723474641788 6 799
1723474664600 6 849
1723474677406 6 867
1723474692215 7 899
1723474715055 7 949
1723474738845 7 991
