1723474262960 0.6777145266532898 49
1723474285383 0.6813488602638245 99
1723474314262 0.4969943165779114 149
1723474337097 0.37194836139678955 199
1723474366609 0.2034129798412323 249
1723474389259 0.1574014127254486 299
1723474411955 0.3608342409133911 349
1723474440933 0.15637710690498352 399
1723474463658 0.11800473928451538 449
1723474491404 0.054712116718292236 499
1723474514660 0.04342902451753616 549
1723474537448 0.07195968180894852 599
1723474566602 0.06724602729082108 649
1723474589400 0.0238448865711689 699
1723474619001 0.02612246386706829 749
1723474641788 0.02814018353819847 799
1723474664600 0.02349771559238434 849
1723474692215 0.018930727615952492 899
1723474715055 0.013414786197245121 949
