1723039247678 0.68901526927948 49
1723039271691 0.60968017578125 99
1723039302353 0.5125653147697449 149
1723039327272 0.2626480758190155 199
1723039358099 0.23183096945285797 249
1723039381879 0.2346496880054474 299
1723039405872 0.18101653456687927 349
1723039437007 0.06983932107686996 399
1723039460801 0.06529267877340317 449
1723039491840 0.20743587613105774 499
1723039515936 0.10985946655273438 549
1723039540448 0.045624859631061554 599
1723039571903 0.050994761288166046 649
1723039596417 0.44470664858818054 699
1723039627047 0.035677723586559296 749
1723039651039 0.024430440738797188 799
1723039674939 0.018900340422987938 849
