1725460698951 0 49
1725460730325 0 99
1725460757609 0 123
1725460776183 0 149
1725460810780 0 199
1725460856219 1 247
1725460859036 1 249
1725460892666 1 299
1725460925895 1 349
1725460951515 1 370
1725460970923 1 399
1725461003757 1 449
1725461046486 2 494
1725461050936 2 499
1725461085304 2 549
1725461117866 2 599
1725461141979 2 617
1725461164604 2 649
1725461198832 2 699
1725461239613 3 741
1725461248046 3 749
1725461293893 3 799
1725461341062 3 849
1725461367531 3 865
1725461400085 3 899
1725461444145 3 949
1725461490099 4 988
1725461502472 4 999
1725461545921 4 1049
1725461594819 4 1099
1725461619601 4 1112
1725461653414 4 1149
1725461696875 4 1199
1725461741342 5 1236
1725461756510 5 1249
1725461801429 5 1299
1725461845093 5 1349
1725461866527 5 1359
1725461905062 5 1399
1725461949996 5 1449
1725461991818 6 1483
1725462006536 6 1499
1725462051659 6 1549
1725462098335 6 1599
1725462117872 6 1606
1725462156278 6 1649
1725462201297 6 1699
1725462240958 7 1730
1725462259624 7 1749
1725462303258 7 1799
1725462350605 7 1849
1725462367166 7 1854
