1725460698951 0.7730059623718262 49
1725460730325 0.7989335060119629 99
1725460776183 0.5748143196105957 149
1725460810780 0.5722428560256958 199
1725460859036 0.8388700485229492 249
1725460892666 0.7376757264137268 299
1725460925895 0.6290552616119385 349
1725460970923 0.6285088062286377 399
1725461003757 0.5859661102294922 449
1725461050936 0.5611129999160767 499
1725461085304 0.7018212080001831 549
1725461117866 0.7200089693069458 599
1725461164604 0.6848729848861694 649
1725461198832 0.5214986205101013 699
1725461248046 0.661299467086792 749
1725461293893 0.9043419361114502 799
1725461341062 0.5640670657157898 849
1725461400085 1.232866883277893 899
1725461444145 0.7925032377243042 949
1725461502472 0.11367876827716827 999
1725461545921 0.8017802834510803 1049
1725461594819 0.09631727635860443 1099
1725461653414 0.4329889416694641 1149
1725461696875 0.4107282757759094 1199
1725461756510 0.03449959307909012 1249
1725461801429 0.1096041277050972 1299
1725461845093 0.044903356581926346 1349
1725461905062 1.1154533624649048 1399
1725461949996 0.014624899253249168 1449
1725462006536 0.043357789516448975 1499
1725462051659 0.015264414250850677 1549
1725462098335 0.08238404989242554 1599
1725462156278 0.01760590635240078 1649
1725462201297 0.32547467947006226 1699
1725462259624 0.012807819992303848 1749
1725462303258 1.5113569498062134 1799
1725462350605 0.0072887130081653595 1849
