1721904436910 0 49
1721904459605 0 99
1721904475343 0 123
1721904488955 1 149
1721904511804 1 199
1721904538646 1 247
1721904541425 2 249
1721904564358 2 299
1721904587346 2 349
1721904602129 2 371
1721904617164 3 399
1721904640793 3 449
1721904666731 3 495
1721904670582 4 499
1721904693650 4 549
1721904716832 4 599
1721904731079 4 619
1721904746937 5 649
1721904770419 5 699
1721904796280 5 743
1721904801055 6 749
1721904824432 6 799
1721904847394 6 849
1721904860348 6 867
1721904877099 7 899
1721904900653 7 949
1721904925017 7 991
1721904930670 8 999
1721904953908 8 1049
1721904976942 8 1099
1721904989013 8 1115
