1722331271273 0 49
1722331293267 0 99
1722331308240 0 122
1722331321568 0 149
1722331343563 0 199
1722331368547 0 245
1722331371696 0 249
1722331393526 0 299
1722331415337 0 349
1722331428650 0 368
1722331443952 0 399
1722331465958 0 449
1722331489599 0 491
1722331494820 0 499
1722331516585 0 549
1722331538637 0 599
1722331550269 0 614
1722331567386 0 649
1722331589576 0 699
1722331611153 0 737
1722331618821 0 749
1722331641087 0 799
1722331663220 0 849
1722331673006 0 860
1722331691543 1 899
1722331713873 1 949
1722331733929 1 983
1722331740970 1 999
1722331763199 1 1049
1722331785379 1 1099
1722331793197 1 1106
1722331813775 1 1149
1722331836222 1 1199
1722331854361 1 1229
