1722331271273 0.25753486156463623 49
1722331293267 0.04908257722854614 99
1722331321568 0.014072750695049763 149
1722331343563 0.04288685321807861 199
1722331371696 0.04220409318804741 249
1722331393526 0.12247229367494583 299
1722331415337 0.0064169866964221 349
1722331443952 0.011834525503218174 399
1722331465958 0.13316932320594788 449
1722331494820 0.037036240100860596 499
1722331516585 0.06866908818483353 549
1722331538637 0.12557195127010345 599
1722331567386 0.001957662170752883 649
1722331589576 0.00267812330275774 699
1722331618821 0.0224003903567791 749
1722331641087 0.010948940180242062 799
1722331663220 0.027898455038666725 849
1722331691543 0.0020027142018079758 899
1722331713873 0.44627341628074646 949
1722331740970 0.04153325781226158 999
1722331763199 0.04444095492362976 1049
1722331785379 0.018318569287657738 1099
1722331813775 0.0592547208070755 1149
1722331836222 0.14403142035007477 1199
