1725966210442 0.6308310031890869 49
1725966284361 0.6024013757705688 99
1725966380357 0.4849092364311218 149
1725966455452 0.2323068529367447 199
1725966551096 0.7116047143936157 249
1725966626397 0.061282575130462646 299
1725966700975 0.06673789024353027 349
1725966799283 0.04109976068139076 399
1725966874121 0.034639157354831696 449
1725966971177 0.028565391898155212 499
1725967047564 0.048940353095531464 549
1725967122257 0.02776886709034443 599
1725967220190 0.01933884248137474 649
1725967292920 0.013721689581871033 699
