1725355678984 0.5115448236465454 49
1725355740051 0.5034846067428589 99
1725355817183 0.5698581337928772 149
1725355876594 0.12552276253700256 199
1725355951943 0.34425824880599976 249
1725356010948 0.9286845326423645 299
1725356071521 1.3310892581939697 349
1725356152779 0.1394966095685959 399
1725356210493 0.03544529154896736 449
1725356286277 0.043916527181863785 499
1725356347008 0.7795464396476746 549
1725356411051 0.0041224416345357895 599
1725356485186 0.006630713120102882 649
1725356545924 0.00677570840343833 699
1725356624133 0.0023685672786086798 749
1725356682653 0.007556946016848087 799
1725356746061 0.0100870281457901 849
