1722341874563 0.3397310972213745 49
1722341896602 0.02611754834651947 99
1722341924968 0.387443870306015 149
1722341947219 0.13284359872341156 199
1722341976069 0.322320818901062 249
1722341998436 0.12134378403425217 299
1722342020473 0.13490241765975952 349
1722342049828 0.427616685628891 399
1722342072140 0.5326628684997559 449
1722342101154 0.0031714627984911203 499
1722342123397 0.08516984432935715 549
1722342145686 0.0043230317533016205 599
1722342174644 0.002715794136747718 649
1722342196625 0.26054713129997253 699
1722342223844 0.04299832135438919 749
1722342246062 0.007809677626937628 799
1722342267707 0.0024598778691142797 849
