1721988501178 0.6571360230445862 49
1721988523792 0.350618839263916 99
1721988553262 0.3312940001487732 149
1721988576209 0.07123236358165741 199
1721988606111 0.3429833650588989 249
1721988629287 0.024256255477666855 299
1721988652329 0.12520058453083038 349
1721988681981 0.025428829714655876 399
1721988704836 0.06350068002939224 449
1721988734508 0.012874357402324677 499
1721988757981 0.006784025579690933 549
1721988782086 0.010425487533211708 599
1721988812347 0.004824611358344555 649
1721988835265 0.005829633679240942 699
1721988863325 0.006501855328679085 749
1721988886535 0.009210700169205666 799
1721988909570 0.004647920373827219 849
