1723480271571 0 49
1723480294430 0 99
1723480310175 0 123
1723480323746 1 149
1723480346611 1 199
1723480374133 1 247
1723480376733 2 249
1723480399576 2 299
1723480422453 2 349
1723480437459 2 371
1723480452362 3 399
1723480475236 3 449
1723480500785 3 495
1723480504413 4 499
1723480527282 4 549
1723480550268 4 599
1723480564052 4 619
1723480577979 5 649
1723480600850 5 699
1723480625604 5 743
1723480630146 6 749
1723480652968 6 799
1723480675813 6 849
1723480688683 6 867
1723480703493 7 899
1723480726335 7 949
1723480750166 7 991
1723480754024 8 999
1723480776774 8 1049
1723480799638 8 1099
1723480811607 8 1115
