1723480271571 0.6774657368659973 49
1723480294430 0.6818317174911499 99
1723480323746 0.5098987221717834 149
1723480346611 0.3513132333755493 199
1723480376733 0.19566352665424347 249
1723480399576 0.15370281040668488 299
1723480422453 0.3253001570701599 349
1723480452362 0.11614249646663666 399
1723480475236 0.12385061383247375 449
1723480504413 0.05350156128406525 499
1723480527282 0.03182458132505417 549
1723480550268 0.056195590645074844 599
1723480577979 0.47762972116470337 649
1723480600850 0.0215152595192194 699
1723480630146 0.02196878008544445 749
1723480652968 0.02817438170313835 799
1723480675813 0.015492136590182781 849
1723480703493 0.017323212698101997 899
1723480726335 0.011766886338591576 949
1723480754024 0.014175496995449066 999
1723480776774 0.012053865008056164 1049
1723480799638 0.37120625376701355 1099
