1723482103107 0.6776114106178284 49
1723482125932 0.6804895401000977 99
1723482155032 0.5028336048126221 149
1723482177852 0.38570451736450195 199
1723482207001 0.19612696766853333 249
1723482229803 0.14620959758758545 299
1723482252654 0.31430989503860474 349
1723482281880 0.12876597046852112 399
1723482304715 0.12894082069396973 449
1723482333838 0.05926626920700073 499
1723482356678 0.037155404686927795 549
1723482379514 0.05130317062139511 599
1723482407192 0.3795101046562195 649
1723482430045 0.023935697972774506 699
1723482459326 0.025017565116286278 749
1723482482160 0.1575847566127777 799
1723482505019 0.018121318891644478 849
