1723460987775 0 49
1723461010852 0 99
1723461026783 0 123
1723461040246 0 149
1723461063522 0 199
1723461090633 1 247
1723461093132 1 249
1723461116498 1 299
1723461139530 1 349
1723461154561 1 371
1723461169211 1 399
1723461192375 1 449
1723461218398 2 495
1723461221964 2 499
1723461245740 2 549
1723461269479 2 599
1723461284344 2 619
1723461300003 2 649
1723461323015 2 699
1723461348082 3 743
1723461350916 3 749
1723461374132 3 799
1723461397680 3 849
1723461411005 3 867
1723461426023 3 899
1723461449502 3 949
1723461473757 4 991
1723461477432 4 999
1723461501783 4 1049
1723461526254 4 1099
1723461539050 4 1115
1723461555512 4 1149
1723461579808 4 1199
1723461604660 5 1239
1723461611231 5 1249
1723461635768 5 1299
1723461660285 5 1349
1723461672129 5 1363
1723461691340 5 1399
1723461715575 5 1449
1723461739379 6 1487
1723461745314 6 1499
1723461769771 6 1549
1723461794099 6 1599
1723461805294 6 1611
1723461823737 6 1649
1723461848080 6 1699
1723461870689 7 1735
1723461879247 7 1749
1723461903795 7 1799
1723461927884 7 1849
1723461937877 7 1859
1723461959001 7 1899
1723461983027 7 1949
1723462004398 8 1983
1723462012261 8 1999
1723462036622 8 2049
1723462060572 8 2099
1723462069543 8 2107
1723462089823 8 2149
1723462113827 8 2199
1723462134629 9 2231
1723462145267 9 2249
1723462169428 9 2299
1723462193477 9 2349
1723462201537 9 2355
