1723460987775 0.6943551301956177 49
1723461010852 0.6852090954780579 99
1723461040246 0.5621619820594788 149
1723461063522 0.2957170903682709 199
1723461093132 0.33912450075149536 249
1723461116498 0.31159549951553345 299
1723461139530 0.933575451374054 349
1723461169211 0.9436506628990173 399
1723461192375 0.5549393892288208 449
1723461221964 0.314212441444397 499
1723461245740 0.4614507853984833 549
1723461269479 0.45592018961906433 599
1723461300003 0.08441397547721863 649
1723461323015 0.5195395946502686 699
1723461350916 0.10516923666000366 749
1723461374132 0.11646854132413864 799
1723461397680 0.07687079906463623 849
1723461426023 0.058763355016708374 899
1723461449502 0.3903726637363434 949
1723461477432 0.09271613508462906 999
1723461501783 0.038597602397203445 1049
1723461526254 0.06316418200731277 1099
1723461555512 0.08579121530056 1149
1723461579808 0.1836463063955307 1199
1723461611231 0.026629503816366196 1249
1723461635768 0.02651376649737358 1299
1723461660285 0.02989073097705841 1349
1723461691340 0.05330502986907959 1399
1723461715575 0.1650022268295288 1449
1723461745314 0.023727871477603912 1499
1723461769771 0.014669084921479225 1549
1723461794099 0.01556108333170414 1599
1723461823737 0.014739075675606728 1649
1723461848080 0.0518152192234993 1699
1723461879247 0.01817721500992775 1749
1723461903795 0.014861367642879486 1799
1723461927884 0.010205633006989956 1849
1723461959001 0.009929634630680084 1899
1723461983027 0.009864569641649723 1949
1723462012261 0.032823655754327774 1999
1723462036622 0.010221045464277267 2049
1723462060572 0.027511602267622948 2099
1723462089823 0.13459806144237518 2149
1723462113827 0.01054526586085558 2199
1723462145267 0.010771648027002811 2249
1723462169428 0.008684780448675156 2299
1723462193477 0.011451859027147293 2349
