1723478943466 0 49
1723478966302 0 99
1723478982040 0 123
1723478995602 1 149
1723479018442 1 199
1723479045021 1 247
1723479047630 2 249
1723479070464 2 299
1723479093344 2 349
1723479108054 2 371
1723479123164 3 399
1723479146036 3 449
1723479172233 3 495
1723479175860 4 499
1723479198748 4 549
1723479221627 4 599
1723479235420 4 619
1723479249354 5 649
1723479272245 5 699
1723479297016 5 743
1723479301555 6 749
1723479324407 6 799
1723479347362 6 849
1723479360231 6 867
1723479375054 7 899
1723479397925 7 949
1723479421775 7 991
1723479425630 8 999
1723479448385 8 1049
1723479471261 8 1099
1723479483226 8 1115
