1723478943466 0.6774173974990845 49
1723478966302 0.6802555322647095 99
1723478995602 0.49601513147354126 149
1723479018442 0.3737599849700928 199
1723479047630 0.20895954966545105 249
1723479070464 0.13667404651641846 299
1723479093344 0.31069087982177734 349
1723479123164 0.1503785401582718 399
1723479146036 0.15825898945331573 449
1723479175860 0.05050589144229889 499
1723479198748 0.03244829177856445 549
1723479221627 0.06925887614488602 599
1723479249354 0.40422359108924866 649
1723479272245 0.02430248260498047 699
1723479301555 0.023055851459503174 749
1723479324407 0.024610597640275955 799
1723479347362 0.01630076952278614 849
1723479375054 0.02020905911922455 899
1723479397925 0.01247741561383009 949
1723479425630 0.015711188316345215 999
1723479448385 0.01237337663769722 1049
1723479471261 0.31548354029655457 1099
