1722957285942 0 49
1722957308488 0 99
1722957323738 0 122
1722957337523 0 149
1722957360073 0 199
1722957385755 0 245
1722957389130 0 249
1722957411743 0 299
1722957434335 0 349
1722957449152 0 368
1722957463122 1 399
1722957485603 1 449
1722957509484 1 491
1722957513001 1 499
1722957535642 1 549
1722957558262 1 599
1722957569940 1 614
1722957585798 1 649
1722957608408 1 699
1722957630425 1 737
1722957635680 2 749
1722957658253 2 799
1722957680812 2 849
1722957690656 2 860
1722957708168 2 899
1722957730658 2 949
1722957750921 2 983
