1722957285942 0.6810774207115173 49
1722957308488 0.6353767514228821 99
1722957337523 0.30331143736839294 149
1722957360073 0.19747957587242126 199
1722957389130 0.26497095823287964 249
1722957411743 0.1964873969554901 299
1722957434335 0.108376644551754 349
1722957463122 0.22210200130939484 399
1722957485603 0.4913579821586609 449
1722957513001 0.06143757328391075 499
1722957535642 0.05076399818062782 549
1722957558262 0.05244889482855797 599
1722957585798 0.032979145646095276 649
1722957608408 0.0657946839928627 699
1722957635680 0.045887935906648636 749
1722957658253 0.054976776242256165 799
1722957680812 0.03405793383717537 849
1722957708168 0.04441021755337715 899
1722957730658 0.49800851941108704 949
