1721905238277 0 49
1721905261291 0 99
1721905277150 0 123
1721905290874 1 149
1721905313613 1 199
1721905340328 1 247
1721905343032 2 249
1721905366293 2 299
1721905389306 2 349
1721905404010 2 371
1721905418506 3 399
1721905441268 3 449
1721905466772 3 495
1721905470508 4 499
1721905493308 4 549
1721905516110 4 599
1721905529935 4 619
1721905545936 5 649
1721905569163 5 699
1721905594510 5 743
1721905599165 6 749
1721905622325 6 799
1721905645586 6 849
1721905658689 6 867
1721905675191 7 899
1721905698687 7 949
1721905722723 7 991
1721905728258 8 999
1721905751004 8 1049
1721905773868 8 1099
1721905786218 8 1115
1721905804055 9 1149
1721905827082 9 1199
1721905850282 9 1239
