1721905238277 0.6788504719734192 49
1721905261291 0.5750714540481567 99
1721905290874 0.6193737983703613 149
1721905313613 0.689937949180603 199
1721905343032 0.468087762594223 249
1721905366293 0.4641564190387726 299
1721905389306 0.9023522138595581 349
1721905418506 0.5339467525482178 399
1721905441268 0.573554277420044 449
1721905470508 0.5064146518707275 499
1721905493308 0.30429670214653015 549
1721905516110 0.5900850892066956 599
1721905545936 0.7867457866668701 649
1721905569163 0.19138576090335846 699
1721905599165 0.4768937826156616 749
1721905622325 0.39437922835350037 799
1721905645586 0.14875297248363495 849
1721905675191 0.1668519377708435 899
1721905698687 0.2696831226348877 949
1721905728258 0.07811742275953293 999
1721905751004 0.04550578445196152 1049
1721905773868 0.3649062216281891 1099
1721905804055 0.08073660731315613 1149
1721905827082 0.0584259033203125 1199
