1723038041063 0 49
1723038065384 0 99
1723038082013 0 122
1723038096931 0 149
1723038121629 1 199
1723038149558 1 245
1723038153239 1 249
1723038177555 1 299
1723038201725 1 349
1723038216996 1 368
1723038231920 2 399
1723038255852 2 449
1723038281212 2 491
1723038285085 2 499
1723038309188 2 549
1723038333054 3 599
1723038345412 3 614
1723038362530 3 649
1723038386843 3 699
1723038410473 3 737
1723038416337 4 749
1723038440693 4 799
1723038464679 4 849
1723038475127 4 860
1723038493937 4 899
1723038517891 5 949
1723038539455 5 983
1723038547242 5 999
1723038571846 5 1049
1723038596242 5 1099
1723038604870 5 1106
1723038625650 6 1149
1723038649692 6 1199
1723038669258 6 1229
1723038678960 6 1249
1723038703252 6 1299
1723038727252 7 1349
1723038733843 7 1352
1723038756674 7 1399
1723038780998 7 1449
1723038798657 7 1475
