1723038041063 0.6940778493881226 49
1723038065384 0.694974422454834 99
1723038096931 0.6683719754219055 149
1723038121629 0.6185895204544067 199
1723038153239 0.5648905038833618 249
1723038177555 0.4649946987628937 299
1723038201725 0.738241970539093 349
1723038231920 0.3514898419380188 399
1723038255852 0.5065550804138184 449
1723038285085 0.1544940173625946 499
1723038309188 0.44782888889312744 549
1723038333054 0.1110963225364685 599
1723038362530 0.14964641630649567 649
1723038386843 0.14531077444553375 699
1723038416337 0.15441769361495972 749
1723038440693 0.08953628689050674 799
1723038464679 0.07195581495761871 849
1723038493937 0.0754922553896904 899
1723038517891 0.046134091913700104 949
1723038547242 0.04758051782846451 999
1723038571846 0.13650496304035187 1049
1723038596242 0.06548145413398743 1099
1723038625650 0.04344038665294647 1149
1723038649692 0.05422540009021759 1199
1723038678960 0.026551296934485435 1249
1723038703252 0.02175632119178772 1299
1723038727252 0.023818299174308777 1349
1723038756674 0.02243983931839466 1399
1723038780998 0.03406965360045433 1449
