1724142411593 0 49
1724142424351 0 99
1724142435462 0 149
1724142449896 0 199
1724142464976 0 249
1724142477956 0 299
1724142492505 0 349
1724142504053 0 399
1724142518332 0 449
1724142542487 0 493
1724142545415 1 499
1724142559787 1 549
1724142573464 1 599
1724142586995 1 649
1724142599242 1 699
1724142612630 1 749
1724142625932 1 799
1724142639376 1 849
1724142652528 1 899
1724142667525 1 949
1724142689743 1 987
1724142695736 2 999
1724142707868 2 1049
1724142723843 2 1099
1724142737068 2 1149
1724142750846 2 1199
1724142764521 2 1249
1724142778465 2 1299
1724142790753 2 1349
1724142804542 2 1399
1724142816049 2 1449
1724142837133 2 1481
1724142844643 3 1499
1724142857378 3 1549
1724142872588 3 1599
1724142887546 3 1649
1724142900335 3 1699
1724142915827 3 1749
1724142929284 3 1799
1724142941958 3 1849
1724142953759 3 1899
1724142966630 3 1949
1724142986051 3 1975
1724142995107 4 1999
1724143008596 4 2049
1724143021745 4 2099
1724143034808 4 2149
1724143048925 4 2199
1724143063182 4 2249
1724143077268 4 2299
1724143089945 4 2349
1724143103551 4 2399
1724143117488 4 2449
1724143135200 4 2469
1724143145080 5 2499
1724143159392 5 2549
1724143172781 5 2599
1724143185664 5 2649
1724143198582 5 2699
1724143212575 5 2749
1724143226403 5 2799
1724143239048 5 2849
1724143252507 5 2899
1724143265783 5 2949
1724143282686 5 2963
