1724142411593 0.36338144540786743 49
1724142424351 0.9042070508003235 99
1724142435462 0.460996150970459 149
1724142449896 0.8347752094268799 199
1724142464976 0.6432457566261292 249
1724142477956 0.44045019149780273 299
1724142492505 0.22599491477012634 349
1724142504053 1.0488307476043701 399
1724142518332 0.3447737693786621 449
1724142545415 0.1392287015914917 499
1724142559787 0.6784636974334717 549
1724142573464 0.8849583268165588 599
1724142586995 0.20381541550159454 649
1724142599242 0.30780473351478577 699
1724142612630 0.10901936888694763 749
1724142625932 1.1748762130737305 799
1724142639376 1.2596657276153564 849
1724142652528 0.12854161858558655 899
1724142667525 0.9978531002998352 949
1724142695736 0.6758813261985779 999
1724142707868 0.10647580772638321 1049
1724142723843 0.10622698813676834 1099
1724142737068 0.049675412476062775 1149
1724142750846 0.042891234159469604 1199
1724142764521 1.1449251174926758 1249
1724142778465 0.06379926949739456 1299
1724142790753 0.16206520795822144 1349
1724142804542 0.2121700793504715 1399
1724142816049 0.06837071478366852 1449
1724142844643 0.4613414406776428 1499
1724142857378 1.0498738288879395 1549
1724142872588 0.08749532699584961 1599
1724142887546 0.02578146383166313 1649
1724142900335 0.03188440948724747 1699
1724142915827 0.049771614372730255 1749
1724142929284 0.014661958441138268 1799
1724142941958 3.201472282409668 1849
1724142953759 0.04402041435241699 1899
1724142966630 0.0188751183450222 1949
1724142995107 0.03473936766386032 1999
1724143008596 0.021684177219867706 2049
1724143021745 0.011240610852837563 2099
1724143034808 2.4545841217041016 2149
1724143048925 0.008777765557169914 2199
1724143063182 0.017248092219233513 2249
1724143077268 0.013407599180936813 2299
1724143089945 0.042383112013339996 2349
1724143103551 0.08002620190382004 2399
1724143117488 0.058658987283706665 2449
1724143145080 0.009962879121303558 2499
1724143159392 0.017361192032694817 2549
1724143172781 0.02463272027671337 2599
1724143185664 0.03813663870096207 2649
1724143198582 0.018384303897619247 2699
1724143212575 1.1210780143737793 2749
1724143226403 0.05917450040578842 2799
1724143239048 0.017750203609466553 2849
1724143252507 0.004671487957239151 2899
1724143265783 0.014610403217375278 2949
