1724839103869 0 49
1724839126640 0 99
1724839142715 0 123
1724839156608 0 149
1724839179837 0 199
1724839206984 1 247
1724839209410 1 249
1724839231794 1 299
1724839254851 1 349
1724839270132 1 371
1724839284820 1 399
1724839307784 1 449
1724839333952 2 495
1724839340230 2 499
1724839363355 2 549
1724839386277 2 599
1724839400262 2 619
1724839415950 2 649
1724839438738 2 699
1724839464103 3 743
1724839470214 3 749
1724839492749 3 799
1724839515214 3 849
1724839528234 3 867
1724839542736 3 899
1724839565403 3 949
1724839589195 4 991
