1724839103869 0.6956478357315063 49
1724839126640 0.6212730407714844 99
1724839156608 0.4891778230667114 149
1724839179837 0.3492470383644104 199
1724839209410 0.4868340492248535 249
1724839231794 0.4146822690963745 299
1724839254851 0.3797689974308014 349
1724839284820 0.5835846066474915 399
1724839307784 0.45245757699012756 449
1724839340230 0.05351584777235985 499
1724839363355 0.07690750062465668 549
1724839386277 0.20538730919361115 599
1724839415950 0.01717863790690899 649
1724839438738 0.4305378794670105 699
1724839470214 0.05337610840797424 749
1724839492749 0.018024535849690437 799
1724839515214 0.012060573324561119 849
1724839542736 0.08813425898551941 899
1724839565403 0.01260888110846281 949
