1725351985235 0.4991567134857178 49
1725352040937 0.3760291635990143 99
1725352113472 0.4719521105289459 149
1725352171043 0.11932596564292908 199
1725352244858 0.9971519112586975 249
1725352302324 0.22337669134140015 299
1725352360783 1.7975460290908813 349
1725352434196 0.012996841222047806 399
1725352486259 0.07501370459794998 449
1725352554894 0.0742533802986145 499
1725352609249 0.022067181766033173 549
1725352665416 1.0289522409439087 599
1725352732915 0.0017938492819666862 649
1725352787012 0.035452090203762054 699
