1724833924095 0 49
1724833946730 0 99
1724833962585 0 123
1724833976415 0 149
1724833999295 0 199
1724834026514 1 247
1724834028906 1 249
1724834051801 1 299
1724834074705 1 349
1724834089696 1 371
1724834104247 1 399
1724834127169 1 449
1724834153493 2 495
1724834157105 2 499
1724834180196 2 549
1724834202867 2 599
1724834216833 2 619
1724834230518 2 649
1724834253289 2 699
1724834278103 3 743
1724834282475 3 749
1724834305216 3 799
1724834327843 3 849
1724834340932 3 867
1724834355562 3 899
1724834378393 3 949
1724834402285 4 991
1724834407426 4 999
1724834430248 4 1049
1724834453082 4 1099
1724834465209 4 1115
