1724833924095 0.6857283115386963 49
1724833946730 0.6950026750564575 99
1724833976415 0.6808104515075684 149
1724833999295 0.4301708936691284 199
1724834028906 0.5124690532684326 249
1724834051801 0.35748735070228577 299
1724834074705 0.5870311856269836 349
1724834104247 0.523163378238678 399
1724834127169 0.6004136204719543 449
1724834157105 0.29924559593200684 499
1724834180196 0.368339478969574 549
1724834202867 0.13577629625797272 599
1724834230518 0.11564350128173828 649
1724834253289 0.4722478985786438 699
1724834282475 0.1222202405333519 749
1724834305216 0.11316099762916565 799
1724834327843 0.1555330604314804 849
1724834355562 0.09071950614452362 899
1724834378393 0.1700059175491333 949
1724834407426 0.3497326970100403 999
1724834430248 0.032726190984249115 1049
1724834453082 0.02959432266652584 1099
