1723031142303 0 49
1723031164848 0 99
1723031180105 0 122
1723031193825 0 149
1723031216041 0 199
1723031241606 0 245
1723031244934 0 249
1723031267548 0 299
1723031289955 0 349
1723031303412 0 368
1723031317508 0 399
1723031340062 0 449
1723031363916 0 491
1723031367369 1 499
1723031389992 1 549
1723031412581 1 599
1723031424165 1 614
1723031440016 1 649
1723031462492 1 699
1723031484452 1 737
1723031489887 1 749
1723031512479 1 799
1723031535070 1 849
1723031544904 1 860
1723031562543 1 899
1723031585063 1 949
1723031605247 1 983
1723031612336 2 999
1723031634959 2 1049
1723031657582 2 1099
1723031665604 2 1106
1723031685042 2 1149
1723031707693 2 1199
1723031725983 2 1229
1723031735054 2 1249
1723031757701 2 1299
1723031780061 2 1349
1723031786278 2 1352
1723031807407 2 1399
1723031829841 2 1449
1723031846339 2 1475
