1723031142303 0.6723029613494873 49
1723031164848 0.3179436922073364 99
1723031193825 0.46302133798599243 149
1723031216041 0.18028903007507324 199
1723031244934 0.31396445631980896 249
1723031267548 0.12933941185474396 299
1723031289955 0.25151678919792175 349
1723031317508 0.3250080347061157 399
1723031340062 0.35586392879486084 449
1723031367369 0.4041288495063782 499
1723031389992 0.10993192344903946 549
1723031412581 0.025973502546548843 599
1723031440016 0.06974513083696365 649
1723031462492 0.12882012128829956 699
1723031489887 0.026227809488773346 749
1723031512479 0.03585843741893768 799
1723031535070 0.016125816851854324 849
1723031562543 0.018214590847492218 899
1723031585063 0.019632993265986443 949
1723031612336 0.016058525070548058 999
1723031634959 0.24141660332679749 1049
1723031657582 0.026989465579390526 1099
1723031685042 0.01931018754839897 1149
1723031707693 0.026327043771743774 1199
1723031735054 0.009643610566854477 1249
1723031757701 0.029982484877109528 1299
1723031780061 0.03890938311815262 1349
1723031807407 0.024527741596102715 1399
1723031829841 0.032495904713869095 1449
