1722335406064 0 49
1722335427971 0 99
1722335442929 0 122
1722335456399 0 149
1722335478143 0 199
1722335503456 0 245
1722335506767 0 249
1722335529191 0 299
1722335551220 0 349
1722335564542 0 368
1722335579931 0 399
1722335602123 0 449
1722335625637 0 491
1722335630890 0 499
1722335653006 0 549
1722335675051 0 599
1722335686550 0 614
1722335703738 0 649
1722335725860 0 699
1722335747863 0 737
1722335754739 0 749
1722335777180 0 799
1722335799444 0 849
1722335809156 0 860
1722335827882 0 899
1722335849704 0 949
1722335869493 0 983
1722335878040 0 999
1722335900564 0 1049
1722335922776 0 1099
1722335930824 0 1106
1722335951818 0 1149
1722335973892 0 1199
1722335992267 0 1229
1722336004845 0 1249
1722336027261 0 1299
1722336049281 0 1349
1722336055489 0 1352
1722336077933 1 1399
1722336100063 1 1449
1722336116667 1 1475
1722336127409 1 1499
1722336149541 1 1549
1722336176312 1 1598
1722336178395 1 1599
1722336200694 1 1649
1722336222930 1 1699
1722336237533 1 1721
1722336249972 1 1749
1722336271874 1 1799
1722336296788 1 1844
1722336299009 1 1849
1722336321078 1 1899
1722336343298 1 1949
1722336356164 1 1967
