1722335406064 0.37817907333374023 49
1722335427971 0.3264392614364624 99
1722335456399 0.1329483538866043 149
1722335478143 0.1737525761127472 199
1722335506767 0.03295563906431198 249
1722335529191 0.033079519867897034 299
1722335551220 0.12816329300403595 349
1722335579931 0.01276014931499958 399
1722335602123 0.08999670296907425 449
1722335630890 0.18797184526920319 499
1722335653006 0.01178008783608675 549
1722335675051 0.010001215152442455 599
1722335703738 0.05530759319663048 649
1722335725860 0.1286645382642746 699
1722335754739 0.009536582976579666 749
1722335777180 0.15209998190402985 799
1722335799444 0.06235714256763458 849
1722335827882 0.011269296519458294 899
1722335849704 0.04748091101646423 949
1722335878040 0.0059709749184548855 999
1722335900564 0.006634437013417482 1049
1722335922776 0.007809516042470932 1099
1722335951818 0.005247833672910929 1149
1722335973892 0.005178471095860004 1199
1722336004845 0.005432854872196913 1249
1722336027261 0.004539064131677151 1299
1722336049281 0.041315510869026184 1349
1722336077933 0.017577754333615303 1399
1722336100063 0.0034608114510774612 1449
1722336127409 0.017441021278500557 1499
1722336149541 0.010452022776007652 1549
1722336178395 0.0030581324826925993 1599
1722336200694 0.2710837721824646 1649
1722336222930 0.00318709434941411 1699
1722336249972 0.003349695121869445 1749
1722336271874 0.04716993123292923 1799
1722336299009 0.0025828834623098373 1849
1722336321078 0.0026048067957162857 1899
1722336343298 0.02641153521835804 1949
