1723480840467 0 49
1723480863294 0 99
1723480879019 0 123
1723480892549 1 149
1723480915367 1 199
1723480942083 1 247
1723480944678 2 249
1723480967878 2 299
1723480990706 2 349
1723481005516 2 371
1723481020037 3 399
1723481042861 3 449
1723481068355 3 495
1723481071984 4 499
1723481095168 4 549
1723481117988 4 599
1723481131771 4 619
1723481145668 5 649
1723481168505 5 699
1723481193233 5 743
1723481197779 6 749
1723481220581 6 799
1723481243415 6 849
1723481256271 6 867
1723481271078 7 899
1723481293919 7 949
1723481317744 7 991
1723481323192 8 999
1723481345911 8 1049
1723481368747 8 1099
1723481381171 8 1115
1723481396895 9 1149
1723481419737 9 1199
1723481442628 9 1239
1723481447401 10 1249
1723481470178 10 1299
1723481492935 10 1349
1723481503980 10 1363
