1723480840467 0.6775323152542114 49
1723480863294 0.6787412762641907 99
1723480892549 0.49099576473236084 149
1723480915367 0.3901776969432831 199
1723480944678 0.21306219696998596 249
1723480967878 0.13791358470916748 299
1723480990706 0.3137616217136383 349
1723481020037 0.17755907773971558 399
1723481042861 0.14822371304035187 449
1723481071984 0.053675390779972076 499
1723481095168 0.03320419788360596 549
1723481117988 0.06496606022119522 599
1723481145668 0.4459361433982849 649
1723481168505 0.02492484822869301 699
1723481197779 0.024667559191584587 749
1723481220581 0.19828574359416962 799
1723481243415 0.016751185059547424 849
1723481271078 0.026452798396348953 899
1723481293919 0.013523557223379612 949
1723481323192 0.015512268990278244 999
1723481345911 0.014237184077501297 1049
1723481368747 0.32539257407188416 1099
1723481396895 0.01147044263780117 1149
1723481419737 0.01412944309413433 1199
1723481447401 0.009818816557526588 1249
1723481470178 0.007680795155465603 1299
1723481492935 0.007979213260114193 1349
