1725349096542 0.07011017948389053 49
1725349118749 0.03018430434167385 99
1725349147326 0.24214757978916168 149
1725349169494 0.023427288979291916 199
1725349198150 0.4285891056060791 249
1725349220376 0.10898507386445999 299
1725349242646 0.018298782408237457 349
1725349269863 0.06017965078353882 399
1725349292363 0.00939345732331276 449
1725349321382 0.3809965252876282 499
1725349344046 0.08561165630817413 549
1725349367037 0.003588545834645629 599
1725349394550 0.03628256544470787 649
1725349417284 0.008998543955385685 699
