1728047365455 0 49
1728047387966 0 84
1728047396995 0 99
1728047421726 0 149
1728047436980 1 169
1728047453246 1 199
1728047477989 1 249
1728047485852 1 254
1728047509808 1 299
1728047535027 2 339
1728047541841 2 349
1728047566828 2 399
1728047584565 2 424
1728047597054 2 449
1728047621817 2 499
1728047632051 3 509
1728047653885 3 549
1728047681757 3 594
1728047686137 3 599
1728047710465 3 649
1728047730503 4 679
1728047742111 4 699
1728047766452 4 749
1728047779277 4 764
1728047798248 4 799
1728047822710 5 849
1728047828375 5 849
