1728047365455 0.7099491953849792 49
1728047396995 0.47276580333709717 99
1728047421726 0.7061478495597839 149
1728047453246 0.47373872995376587 199
1728047477989 0.7680734992027283 249
1728047509808 0.3442915081977844 299
1728047541841 0.3566981554031372 349
1728047566828 0.5475983023643494 399
1728047597054 0.17874675989151 449
1728047621817 0.17997267842292786 499
1728047653885 0.15854299068450928 549
1728047686137 0.0793042927980423 599
1728047710465 0.11209961026906967 649
1728047742111 0.05243667960166931 699
1728047766452 0.029474295675754547 749
1728047798248 0.01970873400568962 799
1728047822710 0.16892072558403015 849
