1723544745102 0 49
1723544768808 0 99
1723544785599 0 123
1723544800401 1 149
1723544824550 1 199
1723544852522 1 247
1723544855418 2 249
1723544879525 2 299
1723544903986 2 349
1723544919510 2 371
1723544934895 3 399
1723544958827 3 449
1723544985671 3 495
1723544987897 4 499
1723545011956 4 549
1723545035970 4 599
1723545050476 4 619
1723545066809 5 649
1723545090674 5 699
1723545116954 5 743
1723545121867 6 749
1723545146000 6 799
1723545170229 6 849
1723545183894 6 867
1723545201198 7 899
1723545225255 7 949
1723545250371 7 991
1723545254551 8 999
1723545278422 8 1049
1723545302394 8 1099
1723545315006 8 1115
