1723544745102 0.6805044412612915 49
1723544768808 0.6782283186912537 99
1723544800401 0.5415180921554565 149
1723544824550 0.37698203325271606 199
1723544855418 0.2740699052810669 249
1723544879525 0.20354217290878296 299
1723544903986 0.41953808069229126 349
1723544934895 0.2812468707561493 399
1723544958827 0.13562436401844025 449
1723544987897 0.07875235378742218 499
1723545011956 0.09650959074497223 549
1723545035970 0.061676863580942154 599
1723545066809 0.17769086360931396 649
1723545090674 0.03689049184322357 699
1723545121867 0.030835241079330444 749
1723545146000 0.0228953268378973 799
1723545170229 0.02294151671230793 849
1723545201198 0.1759583055973053 899
1723545225255 0.01794382929801941 949
1723545254551 0.01524676289409399 999
1723545278422 0.012679703533649445 1049
1723545302394 0.3938916325569153 1099
