1728049658905 0 49
1728049695200 0 84
1728049704998 0 99
1728049735819 0 149
1728049762556 1 169
1728049782124 1 199
1728049814454 1 249
1728049831078 1 254
1728049861077 1 299
1728049899961 2 338
1728049911136 2 349
1728049950497 2 399
1728049986155 2 423
1728050011456 2 449
1728050055330 2 499
1728050076453 3 508
1728050115750 3 549
1728050166877 3 593
1728050173663 3 599
1728050214754 3 649
1728050253286 4 677
1728050272669 4 699
1728050314402 4 749
1728050338466 4 762
1728050371174 4 799
1728050429805 5 847
1728050433469 5 849
1728050477013 5 899
1728050518045 5 932
1728050534212 5 949
1728050574891 5 999
1728050604318 6 1016
1728050634738 6 1049
1728050675060 6 1099
1728050690364 6 1101
1728050732773 6 1149
1728050779113 7 1186
1728050790306 7 1199
1728050832824 7 1249
1728050865786 7 1271
