1728049658905 0.7886991500854492 49
1728049704998 0.7807712554931641 99
1728049735819 0.6679935455322266 149
1728049782124 0.6822363138198853 199
1728049814454 0.6238853931427002 249
1728049861077 0.5890983939170837 299
1728049911136 0.4872802197933197 349
1728049950497 0.7518840432167053 399
1728050011456 0.3966081142425537 449
1728050055330 0.34395140409469604 499
1728050115750 1.1925371885299683 549
1728050173663 0.8010859489440918 599
1728050214754 0.17171800136566162 649
1728050272669 0.15573841333389282 699
1728050314402 0.07936272025108337 749
1728050371174 0.16995611786842346 799
1728050433469 0.9326308369636536 849
1728050477013 0.034898459911346436 899
1728050534212 0.021105771884322166 949
1728050574891 0.022991055622696877 999
1728050634738 0.0158532802015543 1049
1728050675060 0.024959754198789597 1099
1728050732773 0.03226664662361145 1149
1728050790306 0.05632241815328598 1199
1728050832824 0.2745901346206665 1249
