1723043767877 0 49
1723043790313 0 99
1723043805517 0 122
1723043819225 0 149
1723043841564 0 199
1723043867147 0 245
1723043870723 0 249
1723043893791 0 299
1723043916308 0 349
1723043929734 0 368
1723043945248 0 399
1723043967718 0 449
1723043992729 0 491
1723043997981 0 499
1723044020368 0 549
1723044042991 0 599
1723044054587 0 614
1723044071684 1 649
1723044093983 1 699
1723044116329 1 737
1723044123384 1 749
1723044145939 1 799
1723044168441 1 849
1723044178078 1 860
1723044200006 1 899
1723044222540 1 949
1723044242678 1 983
1723044249898 1 999
1723044272470 1 1049
1723044294925 1 1099
1723044302925 1 1106
1723044323808 1 1149
1723044346372 1 1199
1723044364813 1 1229
1723044375308 2 1249
1723044397653 2 1299
1723044420576 2 1349
1723044426775 2 1352
1723044448034 2 1399
1723044470448 2 1449
1723044487033 2 1475
1723044497777 2 1499
1723044519908 2 1549
1723044546888 2 1598
