1723043767877 0.6940876841545105 49
1723043790313 0.5480830669403076 99
1723043819225 0.3828645944595337 149
1723043841564 0.20722626149654388 199
1723043870723 0.35836100578308105 249
1723043893791 0.5204545855522156 299
1723043916308 0.11547514796257019 349
1723043945248 0.5405159592628479 399
1723043967718 0.36050185561180115 449
1723043997981 0.03000958263874054 499
1723044020368 0.0695800632238388 549
1723044042991 0.03717723861336708 599
1723044071684 0.02179659716784954 649
1723044093983 0.45033517479896545 699
1723044123384 0.1431562453508377 749
1723044145939 0.022990984842181206 799
1723044168441 0.016571277752518654 849
1723044200006 0.029555730521678925 899
1723044222540 0.03206035494804382 949
1723044249898 0.0859084203839302 999
1723044272470 0.39401185512542725 1049
1723044294925 0.40061256289482117 1099
1723044323808 0.09830304235219955 1149
1723044346372 0.013887299224734306 1199
1723044375308 0.030190588906407356 1249
1723044397653 0.10453225672245026 1299
1723044420576 0.14917534589767456 1349
1723044448034 0.00801076740026474 1399
1723044470448 0.016561046242713928 1449
1723044497777 0.006585104390978813 1499
1723044519908 0.007521388586610556 1549
