1724157495163 0 49
1724157503911 0 99
1724157513329 0 149
1724157523940 0 199
1724157533807 0 249
1724157543976 0 299
1724157554224 0 349
1724157562795 0 399
1724157572255 0 449
1724157594313 0 493
1724157597096 1 499
1724157606399 1 549
1724157615242 1 599
1724157626208 1 649
1724157635736 1 699
1724157645275 1 749
1724157654584 1 799
1724157665423 1 849
1724157674091 1 899
1724157683952 1 949
1724157704559 1 987
1724157709178 2 999
1724157723666 2 1049
1724157735855 2 1099
1724157749820 2 1149
1724157764891 2 1199
1724157778479 2 1249
1724157791169 2 1299
1724157803595 2 1349
1724157817347 2 1399
1724157830456 2 1449
1724157852662 2 1481
1724157858656 3 1499
1724157872435 3 1549
1724157885880 3 1599
1724157899976 3 1649
1724157913061 3 1699
1724157927995 3 1749
1724157941045 3 1799
1724157955301 3 1849
1724157970124 3 1899
1724157981585 3 1949
1724158002171 3 1975
1724158009530 4 1999
1724158024525 4 2049
1724158039101 4 2099
1724158052839 4 2149
1724158065971 4 2199
1724158079718 4 2249
1724158092035 4 2299
1724158105799 4 2349
1724158119563 4 2399
1724158132610 4 2449
1724158151962 4 2469
1724158162042 5 2499
1724158176233 5 2549
1724158191501 5 2599
1724158204122 5 2649
1724158218402 5 2699
1724158230191 5 2749
1724158245840 5 2799
1724158259197 5 2849
1724158271207 5 2899
1724158285114 5 2949
1724158301932 5 2963
1724158313594 6 2999
1724158328727 6 3049
1724158341938 6 3099
1724158355811 6 3149
1724158369556 6 3199
1724158383125 6 3249
1724158395985 6 3299
1724158409494 6 3349
1724158422528 6 3399
1724158436390 6 3449
1724158451271 6 3457
1724158464261 7 3499
1724158477920 7 3549
1724158492325 7 3599
1724158505785 7 3649
1724158519867 7 3699
1724158533214 7 3749
1724158547638 7 3799
1724158559217 7 3849
1724158573303 7 3899
1724158587616 7 3949
1724158600714 7 3951
