1724157495163 0.6707791090011597 49
1724157503911 0.6465629935264587 99
1724157513329 0.6254941821098328 149
1724157523940 0.65522301197052 199
1724157533807 0.6636799573898315 249
1724157543976 0.9231598377227783 299
1724157554224 0.7804268598556519 349
1724157562795 0.8392325043678284 399
1724157572255 0.8124375343322754 449
1724157597096 0.6439709663391113 499
1724157606399 0.747117280960083 549
1724157615242 0.544241189956665 599
1724157626208 0.6513183116912842 649
1724157635736 0.6200554966926575 699
1724157645275 0.5941257476806641 749
1724157654584 0.6227459907531738 799
1724157665423 0.5066369771957397 849
1724157674091 0.6011277437210083 899
1724157683952 0.6956927180290222 949
1724157709178 0.6578675508499146 999
1724157723666 0.4541429877281189 1049
1724157735855 0.6761236190795898 1099
1724157749820 0.7650747895240784 1149
1724157764891 0.693560004234314 1199
1724157778479 0.46247178316116333 1249
1724157791169 0.8470607995986938 1299
1724157803595 0.6617547869682312 1349
1724157817347 0.6975693702697754 1399
1724157830456 0.5018256902694702 1449
1724157858656 0.6566962599754333 1499
1724157872435 0.4311864674091339 1549
1724157885880 0.29379063844680786 1599
1724157899976 0.5279830694198608 1649
1724157913061 0.4897696375846863 1699
1724157927995 0.5565402507781982 1749
1724157941045 0.688824474811554 1799
1724157955301 0.741496741771698 1849
1724157970124 0.16109026968479156 1899
1724157981585 0.13879436254501343 1949
1724158009530 0.15356218814849854 1999
1724158024525 0.10409687459468842 2049
1724158039101 0.1644541472196579 2099
1724158052839 0.08134211599826813 2149
1724158065971 0.3751378059387207 2199
1724158079718 0.35966920852661133 2249
1724158092035 0.09981366991996765 2299
1724158105799 0.19949844479560852 2349
1724158119563 0.08903250843286514 2399
1724158132610 0.2607809007167816 2449
1724158162042 0.04680393636226654 2499
1724158176233 0.04830483719706535 2549
1724158191501 0.3933556377887726 2599
1724158204122 0.08194388449192047 2649
1724158218402 0.9379797577857971 2699
1724158230191 0.02510049380362034 2749
1724158245840 0.026947444304823875 2799
1724158259197 0.061893440783023834 2849
1724158271207 0.0559937059879303 2899
1724158285114 0.04682468995451927 2949
1724158313594 0.030665526166558266 2999
1724158328727 0.023948928341269493 3049
1724158341938 0.037482231855392456 3099
1724158355811 0.05614635720849037 3149
1724158369556 0.06930185854434967 3199
1724158383125 0.020149152725934982 3249
1724158395985 0.01576879806816578 3299
1724158409494 0.025723934173583984 3349
1724158422528 0.014067063108086586 3399
1724158436390 0.07847268134355545 3449
1724158464261 0.028124788776040077 3499
1724158477920 0.01789352297782898 3549
1724158492325 0.019084114581346512 3599
1724158505785 0.02490312233567238 3649
1724158519867 2.092609405517578 3699
1724158533214 0.017218945547938347 3749
1724158547638 0.04206951707601547 3799
1724158559217 0.03195471689105034 3849
1724158573303 0.020480584353208542 3899
1724158587616 0.09038253873586655 3949
