1725534716126 0 49
1725534748132 0 99
1725534774838 1 124
1725534792598 1 149
1725534824131 1 199
1725534867460 2 248
1725534869180 2 249
1725534900852 2 299
1725534934396 2 349
1725534960315 3 372
1725534984707 3 399
1725535030371 3 449
1725535083292 4 496
1725535087153 4 499
1725535131695 4 549
1725535176565 4 599
1725535206510 5 620
1725535234278 5 649
1725535280071 5 699
1725535330159 6 744
1725535337182 6 749
1725535382143 6 799
1725535425223 6 849
1725535454004 7 868
1725535483556 7 899
1725535529105 7 949
1725535577842 8 992
1725535585282 8 999
1725535629678 8 1049
1725535673630 8 1099
1725535699297 9 1117
1725535728800 9 1149
1725535771041 9 1199
1725535819546 10 1241
