1725534716126 0.8509962558746338 49
1725534748132 0.8884656429290771 99
1725534792598 0.532389760017395 149
1725534824131 0.8552929759025574 199
1725534869180 0.5071674585342407 249
1725534900852 0.6536299586296082 299
1725534934396 0.8976880311965942 349
1725534984707 0.8259322643280029 399
1725535030371 0.47813284397125244 449
1725535087153 0.52546626329422 499
1725535131695 0.15791021287441254 549
1725535176565 2.265632390975952 599
1725535234278 0.08419075608253479 649
1725535280071 0.330433189868927 699
1725535337182 0.04564440995454788 749
1725535382143 0.03784710541367531 799
1725535425223 0.6674001812934875 849
1725535483556 0.009546344168484211 899
1725535529105 0.007606707978993654 949
1725535585282 0.037508100271224976 999
1725535629678 0.011505324393510818 1049
1725535673630 0.007008019369095564 1099
1725535728800 0.026898840442299843 1149
1725535771041 0.022740304470062256 1199
