1725371281152 0 49
1725371297368 0 99
1725371310201 0 123
1725371319763 0 149
1725371336317 0 199
1725371357283 1 247
1725371358761 1 249
1725371375433 1 299
1725371392237 1 349
1725371404421 1 371
1725371414731 1 399
1725371431192 1 449
1725371451554 2 495
1725371455025 2 499
1725371477746 2 549
1725371500364 2 599
1725371514416 2 619
1725371529825 2 649
1725371552533 2 699
1725371577411 3 743
1725371581835 3 749
1725371604564 3 799
1725371627168 3 849
1725371640280 3 867
1725371656605 3 899
1725371679781 3 949
1725371703667 4 991
1725371707293 4 999
1725371730130 4 1049
1725371752911 4 1099
1725371765071 4 1115
1725371780602 4 1149
1725371803298 4 1199
1725371826275 5 1239
