1725371281152 0.7032150626182556 49
1725371297368 0.7064602375030518 99
1725371319763 0.670994222164154 149
1725371336317 0.6536696553230286 199
1725371358761 0.6444992423057556 249
1725371375433 0.6830750703811646 299
1725371392237 0.6389853358268738 349
1725371414731 0.6369690895080566 399
1725371431192 0.5592148303985596 449
1725371455025 0.5222678184509277 499
1725371477746 0.28626999258995056 549
1725371500364 0.4965955317020416 599
1725371529825 0.2934877276420593 649
1725371552533 0.5829228758811951 699
1725371581835 0.08334561437368393 749
1725371604564 0.07937778532505035 799
1725371627168 0.016214584931731224 849
1725371656605 0.0018952438840642571 899
1725371679781 0.8734807372093201 949
1725371707293 0.2996077835559845 999
1725371730130 0.0013515022583305836 1049
1725371752911 0.17503085732460022 1099
1725371780602 0.0007804009946994483 1149
1725371803298 0.003359638387337327 1199
