1724146768800 0 49
1724146783056 0 99
1724146796070 0 149
1724146809384 0 199
1724146823531 0 249
1724146836431 0 299
1724146849665 0 349
1724146863102 0 399
1724146877141 0 449
1724146900456 0 493
1724146904314 1 499
1724146917539 1 549
1724146930349 1 599
1724146946113 1 649
1724146958832 1 699
1724146972981 1 749
1724146986337 1 799
1724146999177 1 849
1724147013064 1 899
1724147027470 1 949
1724147049707 1 987
1724147055181 2 999
1724147068529 2 1049
1724147082245 2 1099
1724147094784 2 1149
1724147108957 2 1199
1724147122299 2 1249
1724147134494 2 1299
1724147150226 2 1349
1724147162872 2 1399
1724147177313 2 1449
1724147198607 2 1481
1724147206012 3 1499
1724147219247 3 1549
1724147231746 3 1599
1724147246246 3 1649
1724147258997 3 1699
1724147273665 3 1749
1724147287850 3 1799
1724147302469 3 1849
1724147315727 3 1899
1724147328494 3 1949
1724147348054 3 1975
1724147354501 4 1999
1724147368095 4 2049
1724147380619 4 2099
1724147393599 4 2149
1724147407678 4 2199
1724147421571 4 2249
1724147434648 4 2299
1724147449265 4 2349
1724147462919 4 2399
1724147477569 4 2449
1724147494955 4 2469
1724147504598 5 2499
1724147517657 5 2549
1724147531968 5 2599
1724147544776 5 2649
1724147558444 5 2699
1724147572920 5 2749
1724147585573 5 2799
1724147599892 5 2849
1724147614121 5 2899
1724147628424 5 2949
1724147645254 5 2963
1724147657354 6 2999
1724147671223 6 3049
1724147685405 6 3099
1724147698483 6 3149
1724147712227 6 3199
1724147727655 6 3249
1724147741317 6 3299
1724147754132 6 3349
1724147767954 6 3399
1724147780477 6 3449
1724147795192 6 3457
1724147808317 7 3499
1724147821664 7 3549
1724147836720 7 3599
1724147850219 7 3649
1724147863438 7 3699
1724147876604 7 3749
1724147890952 7 3799
1724147903995 7 3849
1724147916580 7 3899
1724147930260 7 3949
1724147943171 7 3951
