1724146768800 0.5360431671142578 49
1724146783056 0.339352548122406 99
1724146796070 0.8308494091033936 149
1724146809384 0.5725222826004028 199
1724146823531 0.6243205070495605 249
1724146836431 0.954069972038269 299
1724146849665 0.2705466151237488 349
1724146863102 0.5048604011535645 399
1724146877141 0.5342234969139099 449
1724146904314 0.4105451703071594 499
1724146917539 1.0753593444824219 549
1724146930349 0.2539041042327881 599
1724146946113 0.6851360201835632 649
1724146958832 0.22040978074073792 699
1724146972981 1.607675313949585 749
1724146986337 0.24785512685775757 799
1724146999177 0.27800214290618896 849
1724147013064 0.6747867465019226 899
1724147027470 0.12716592848300934 949
1724147055181 2.094758987426758 999
1724147068529 0.10483691096305847 1049
1724147082245 0.06800299882888794 1099
1724147094784 0.8266358375549316 1149
1724147108957 0.09994779527187347 1199
1724147122299 0.3610202670097351 1249
1724147134494 0.915954053401947 1299
1724147150226 0.04900633543729782 1349
1724147162872 0.1600058674812317 1399
1724147177313 0.7733991146087646 1449
1724147206012 0.7092273235321045 1499
1724147219247 0.053116172552108765 1549
1724147231746 0.13160738348960876 1599
1724147246246 0.6959549784660339 1649
1724147258997 0.03582301735877991 1699
1724147273665 0.03788302466273308 1749
1724147287850 0.2335829734802246 1799
1724147302469 0.3955194354057312 1849
1724147315727 0.0664457306265831 1899
1724147328494 0.10265503823757172 1949
1724147354501 0.18943089246749878 1999
1724147368095 0.019038066267967224 2049
1724147380619 0.01402517780661583 2099
1724147393599 0.10827091336250305 2149
1724147407678 0.01622331701219082 2199
1724147421571 0.3097037672996521 2249
1724147434648 0.02361888810992241 2299
1724147449265 0.011678144335746765 2349
1724147462919 0.13777048885822296 2399
1724147477569 0.5182636380195618 2449
1724147504598 0.04189787805080414 2499
1724147517657 0.021447790786623955 2549
1724147531968 0.19604773819446564 2599
1724147544776 0.014087840914726257 2649
1724147558444 0.047538209706544876 2699
1724147572920 0.009303039871156216 2749
1724147585573 0.02391776069998741 2799
1724147599892 0.016607671976089478 2849
1724147614121 0.008594997227191925 2899
1724147628424 0.024677343666553497 2949
1724147657354 0.0481996163725853 2999
1724147671223 0.007482005283236504 3049
1724147685405 0.006989222019910812 3099
1724147698483 0.0063743796199560165 3149
1724147712227 0.006208416074514389 3199
1724147727655 0.31378212571144104 3249
1724147741317 0.03270098939538002 3299
1724147754132 0.012344835326075554 3349
1724147767954 0.22979970276355743 3399
1724147780477 0.005280128680169582 3449
1724147808317 0.006548634730279446 3499
1724147821664 0.0037149833515286446 3549
1724147836720 0.004650719463825226 3599
1724147850219 0.0039211176335811615 3649
1724147863438 0.002734908601269126 3699
1724147876604 0.004109844099730253 3749
1724147890952 0.005367724224925041 3799
1724147903995 0.003338238224387169 3849
1724147916580 0.0871146023273468 3899
1724147930260 0.0031897437293082476 3949
