1725456958031 0 49
1725456995937 0 99
1725457025779 0 123
1725457046169 1 149
1725457086103 1 199
1725457134569 1 247
1725457137550 2 249
1725457175842 2 299
1725457214935 2 349
1725457245270 2 371
1725457275469 3 399
1725457328261 3 449
1725457388607 3 495
1725457394765 4 499
1725457445014 4 549
1725457497287 4 599
1725457531503 4 619
1725457564990 5 649
1725457616111 5 699
1725457675466 5 743
1725457683946 6 749
1725457736566 6 799
1725457789133 6 849
1725457818984 6 867
1725457853363 7 899
1725457905086 7 949
1725457960116 7 991
1725457971075 8 999
1725458021632 8 1049
1725458075479 8 1099
1725458105233 8 1115
