1725456958031 0.6090595722198486 49
1725456995937 0.5775364637374878 99
1725457046169 0.7423653602600098 149
1725457086103 0.5736421942710876 199
1725457137550 0.6033744812011719 249
1725457175842 0.737776517868042 299
1725457214935 0.7083656191825867 349
1725457275469 0.6747450828552246 399
1725457328261 0.9679164290428162 449
1725457394765 0.99637770652771 499
1725457445014 1.2873668670654297 549
1725457497287 0.6541359424591064 599
1725457564990 0.10151316225528717 649
1725457616111 0.048068031668663025 699
1725457683946 0.10403922945261002 749
1725457736566 0.010195508599281311 799
1725457789133 0.016292374581098557 849
1725457853363 0.011207391507923603 899
1725457905086 0.02825023978948593 949
1725457971075 0.007081996183842421 999
1725458021632 0.008331742137670517 1049
1725458075479 0.005023085977882147 1099
