1722928411649 0 49
1722928433775 0 99
1722928448897 0 122
1722928462476 0 149
1722928485202 0 199
1722928511518 0 245
1722928514599 1 249
1722928537835 1 299
1722928560867 1 349
1722928575417 1 368
1722928589580 1 399
1722928612333 1 449
1722928636179 1 491
1722928639661 2 499
1722928662427 2 549
1722928685088 2 599
1722928696813 2 614
1722928714785 2 649
1722928737380 2 699
1722928759575 2 737
1722928764894 3 749
1722928787775 3 799
1722928810423 3 849
1722928820389 3 860
1722928838078 3 899
1722928860838 3 949
1722928881137 3 983
