1722928411649 0.29436975717544556 49
1722928433775 0.22962507605552673 99
1722928462476 0.2596597373485565 149
1722928485202 0.324966162443161 199
1722928514599 0.31029844284057617 249
1722928537835 0.7285816669464111 299
1722928560867 0.13472509384155273 349
1722928589580 0.10590212792158127 399
1722928612333 0.6245108842849731 449
1722928639661 0.1394403576850891 499
1722928662427 0.09337086975574493 549
1722928685088 0.008694643154740334 599
1722928714785 0.007693300489336252 649
1722928737380 0.2970803380012512 699
1722928764894 0.021417057141661644 749
1722928787775 0.030855674296617508 799
1722928810423 0.003436834318563342 849
1722928838078 0.0033693865407258272 899
1722928860838 0.30342838168144226 949
