1725545816190 0 49
1725545857321 0 99
1725545891526 0 123
1725545913133 1 149
1725545952659 1 199
1725546008541 1 247
1725546011718 2 249
1725546051841 2 299
1725546092890 2 349
1725546126002 2 371
1725546157931 3 399
1725546215045 3 449
1725546278683 3 495
1725546284717 4 499
1725546340922 4 549
1725546396649 4 599
1725546431861 4 619
1725546468105 5 649
1725546524616 5 699
1725546586167 5 743
1725546593637 6 749
1725546648656 6 799
1725546703024 6 849
1725546737873 6 867
1725546775479 7 899
1725546828126 7 949
1725546889060 7 991
