1725545816190 0.6127253174781799 49
1725545857321 0.6983212828636169 99
1725545913133 0.7117951512336731 149
1725545952659 0.8335533142089844 199
1725546011718 0.7473505139350891 249
1725546051841 0.676952064037323 299
1725546092890 0.7951330542564392 349
1725546157931 0.49413618445396423 399
1725546215045 0.28102755546569824 449
1725546284717 0.2466048300266266 499
1725546340922 0.7179210186004639 549
1725546396649 0.08456622064113617 599
1725546468105 0.04021484777331352 649
1725546524616 0.051032498478889465 699
1725546593637 0.0426761731505394 749
1725546648656 0.019103188067674637 799
1725546703024 0.009092111140489578 849
1725546775479 0.07841944694519043 899
1725546828126 0.01199834980070591 949
