1722933732468 0 49
1722933754941 0 99
1722933770150 0 122
1722933783848 0 149
1722933806273 0 199
1722933831682 0 245
1722933835016 0 249
1722933857755 0 299
1722933879900 0 349
1722933893311 0 368
1722933908843 0 399
1722933931198 0 449
1722933955027 0 491
1722933960394 0 499
1722933982668 0 549
1722934005097 0 599
1722934016827 0 614
1722934034354 1 649
1722934056357 1 699
1722934078763 1 737
1722934086042 1 749
1722934108627 1 799
1722934130234 1 849
1722934140053 1 860
1722934159342 1 899
1722934181699 1 949
1722934201500 1 983
1722934210326 1 999
1722934232636 1 1049
1722934255221 1 1099
1722934263215 1 1106
1722934282925 1 1149
1722934305324 1 1199
1722934323518 1 1229
1722934334217 2 1249
1722934356829 2 1299
1722934379108 2 1349
1722934385285 2 1352
1722934408163 2 1399
1722934430259 2 1449
1722934446639 2 1475
1722934458105 2 1499
1722934480670 2 1549
1722934507388 2 1598
1722934509547 2 1599
1722934532201 2 1649
1722934554342 2 1699
1722934569042 2 1721
1722934583452 2 1749
1722934605893 2 1799
1722934631041 2 1844
1722934634986 2 1849
1722934657275 3 1899
1722934679419 3 1949
1722934692467 3 1967
1722934707121 3 1999
1722934730226 3 2049
1722934753481 3 2090
1722934757587 3 2099
1722934780250 3 2149
1722934802148 3 2199
1722934813181 3 2213
