1722933732468 0.528872549533844 49
1722933754941 0.15867915749549866 99
1722933783848 0.36165833473205566 149
1722933806273 0.16532166302204132 199
1722933835016 0.2978397309780121 249
1722933857755 0.21487900614738464 299
1722933879900 0.18282058835029602 349
1722933908843 0.3476310968399048 399
1722933931198 0.3975953459739685 449
1722933960394 0.012909919023513794 499
1722933982668 0.059722866863012314 549
1722934005097 0.010833158157765865 599
1722934034354 0.010098266415297985 649
1722934056357 0.1340138465166092 699
1722934086042 0.13175003230571747 749
1722934108627 0.016827955842018127 799
1722934130234 0.007943784818053246 849
1722934159342 0.13076014816761017 899
1722934181699 0.07770954817533493 949
1722934210326 0.10167964547872543 999
1722934232636 0.28284740447998047 1049
1722934255221 0.009976673871278763 1099
1722934282925 0.02952827885746956 1149
1722934305324 0.005490058567374945 1199
1722934334217 0.005281144753098488 1249
1722934356829 0.029801804572343826 1299
1722934379108 0.29726719856262207 1349
1722934408163 0.00458886381238699 1399
1722934430259 0.01600048318505287 1449
1722934458105 0.004668954759836197 1499
1722934480670 0.006382785737514496 1549
1722934509547 0.003746581729501486 1599
1722934532201 0.0072458465583622456 1649
1722934554342 0.11583411693572998 1699
1722934583452 0.012054025195538998 1749
1722934605893 0.003588504157960415 1799
1722934634986 0.005734784062951803 1849
1722934657275 0.01926805078983307 1899
1722934679419 0.006605367176234722 1949
1722934707121 0.40166428685188293 1999
1722934730226 0.014475344680249691 2049
1722934757587 0.008988535962998867 2099
1722934780250 0.01966819353401661 2149
1722934802148 0.2953163683414459 2199
