1726040636901 0 49
1726040659972 1 99
1726040676856 1 123
1726040690556 1 149
1726040713430 2 199
1726040741835 2 247
1726040744278 2 249
1726040766998 3 299
1726040790034 4 349
1726040806125 4 371
1726040820760 4 399
1726040843712 5 449
1726040871309 5 495
1726040874807 5 499
1726040897983 6 549
1726040921184 7 599
1726040936385 7 619
1726040951944 7 649
1726040974931 8 699
1726041001301 8 743
1726041005685 8 749
1726041029213 9 799
1726041052393 9 849
1726041067129 10 867
1726041083680 10 899
1726041106999 11 949
1726041132685 11 991
1726041138020 11 999
1726041160999 12 1049
1726041184206 12 1099
1726041197398 13 1115
1726041214761 13 1149
1726041237674 14 1199
1726041262642 14 1239
