1726040636901 0.6844906806945801 49
1726040659972 0.7057339549064636 99
1726040690556 0.6908111572265625 149
1726040713430 0.6935106515884399 199
1726040744278 0.7042778730392456 249
1726040766998 0.70763099193573 299
1726040790034 0.6016103029251099 349
1726040820760 0.49179795384407043 399
1726040843712 0.6192814111709595 449
1726040874807 0.41418853402137756 499
1726040897983 0.331807404756546 549
1726040921184 0.5544298887252808 599
1726040951944 0.19732274115085602 649
1726040974931 0.36856764554977417 699
1726041005685 0.2549063563346863 749
1726041029213 0.33162057399749756 799
1726041052393 0.18383274972438812 849
1726041083680 0.17214706540107727 899
1726041106999 0.12136558443307877 949
1726041138020 0.08330089598894119 999
1726041160999 0.0729406401515007 1049
1726041184206 0.06851062178611755 1099
1726041214761 0.07199599593877792 1149
1726041237674 0.07462624460458755 1199
