1725289824781 0 49
1725289848295 0 99
1725289864711 0 123
1725289878731 0 149
1725289902336 0 199
1725289930961 0 247
1725289933530 0 249
1725289957555 0 299
1725289981324 0 349
1725289996773 0 371
1725290011839 0 399
1725290035461 0 449
1725290062228 0 495
1725290064123 0 499
1725290087823 0 549
1725290111618 0 599
1725290126419 0 619
1725290142538 0 649
1725290166245 0 699
1725290191785 0 743
1725290196356 0 749
1725290220232 0 799
1725290243791 0 849
1725290257327 0 867
1725290272808 0 899
1725290296320 0 949
1725290321667 0 991
1725290327257 0 999
1725290351421 0 1049
1725290374758 0 1099
1725290387428 0 1115
1725290405700 0 1149
1725290429643 0 1199
1725290453473 0 1239
1725290458168 0 1249
1725290482333 0 1299
1725290506019 0 1349
1725290517736 0 1363
1725290536926 0 1399
1725290560481 0 1449
1725290583458 0 1487
1725290590908 0 1499
1725290614719 0 1549
1725290639099 0 1599
1725290650089 0 1611
1725290670227 0 1649
1725290694216 0 1699
1725290715870 0 1735
1725290722385 0 1749
1725290745033 0 1799
1725290767773 0 1849
1725290777150 1 1859
1725290797071 1 1899
1725290819711 1 1949
1725290840072 1 1983
1725290847542 1 1999
1725290870370 1 2049
1725290892918 1 2099
1725290901461 1 2107
1725290922361 1 2149
1725290945509 1 2199
1725290964683 1 2231
