1725289824781 0.166170135140419 49
1725289848295 0.047988224774599075 99
1725289878731 0.28034311532974243 149
1725289902336 0.02167391963303089 199
1725289933530 0.06632958352565765 249
1725289957555 0.02396726980805397 299
1725289981324 0.014029041863977909 349
1725290011839 0.016726847738027573 399
1725290035461 0.011113829910755157 449
1725290064123 0.12627831101417542 499
1725290087823 0.10209625214338303 549
1725290111618 0.007004108279943466 599
1725290142538 0.00586302112787962 649
1725290166245 0.006518166046589613 699
1725290196356 0.007561477832496166 749
1725290220232 0.003962665796279907 799
1725290243791 0.00875855889171362 849
1725290272808 0.2640587091445923 899
1725290296320 0.00430600019171834 949
1725290327257 0.28890520334243774 999
1725290351421 0.008295517414808273 1049
1725290374758 0.009334620088338852 1099
1725290405700 0.005058684851974249 1149
1725290429643 0.0032196578104048967 1199
1725290458168 0.05865629017353058 1249
1725290482333 0.0017534908838570118 1299
1725290506019 0.004041198641061783 1349
1725290536926 0.3859081268310547 1399
1725290560481 0.0021665976382791996 1449
1725290590908 0.11099764704704285 1499
1725290614719 0.0018192935967817903 1549
1725290639099 0.0015495369443669915 1599
1725290670227 0.3190426826477051 1649
1725290694216 0.0035391664132475853 1699
1725290722385 0.06599855422973633 1749
1725290745033 0.016776004806160927 1799
1725290767773 0.041454531252384186 1849
1725290797071 0.05695077031850815 1899
1725290819711 0.0014591292710974813 1949
1725290847542 0.0015790601028129458 1999
1725290870370 0.07161057740449905 2049
1725290892918 0.15390250086784363 2099
1725290922361 0.001128370757214725 2149
1725290945509 0.025326592847704887 2199
