1723036775446 0 49
1723036799427 0 99
1723036815663 0 122
1723036830228 1 149
1723036854365 1 199
1723036882065 1 245
1723036885545 1 249
1723036909417 2 299
1723036933535 2 349
1723036947799 2 368
1723036962813 2 399
1723036986656 3 449
1723037012191 3 491
1723037016126 3 499
1723037040290 3 549
1723037064209 4 599
1723037076610 4 614
1723037093628 4 649
1723037117823 4 699
1723037141269 4 737
1723037146928 5 749
1723037171260 5 799
1723037195374 5 849
1723037205874 5 860
1723037224565 6 899
1723037248785 6 949
1723037270377 6 983
1723037278182 6 999
1723037302148 7 1049
1723037326332 7 1099
1723037334890 7 1106
1723037355772 7 1149
1723037379781 8 1199
1723037399413 8 1229
1723037409168 8 1249
1723037433506 8 1299
1723037457432 9 1349
1723037464039 9 1352
1723037486967 9 1399
1723037511152 9 1449
1723037528885 9 1475
