1723036775446 0.7005687355995178 49
1723036799427 0.675725519657135 99
1723036830228 0.686739981174469 149
1723036854365 0.686916172504425 199
1723036885545 0.6868189573287964 249
1723036909417 0.6790766716003418 299
1723036933535 0.678497314453125 349
1723036962813 0.6372329592704773 399
1723036986656 0.5658765435218811 449
1723037016126 0.466853529214859 499
1723037040290 0.6327496767044067 549
1723037064209 0.6035529971122742 599
1723037093628 0.45484447479248047 649
1723037117823 0.4211342930793762 699
1723037146928 0.47428691387176514 749
1723037171260 0.22652365267276764 799
1723037195374 0.3396802544593811 849
1723037224565 0.19393287599086761 899
1723037248785 0.46131569147109985 949
1723037278182 0.15233586728572845 999
1723037302148 0.1483483463525772 1049
1723037326332 0.12489065527915955 1099
1723037355772 0.20682543516159058 1149
1723037379781 0.19429326057434082 1199
1723037409168 0.06817470490932465 1249
1723037433506 0.16086190938949585 1299
1723037457432 0.08541307598352432 1349
1723037486967 0.09569224715232849 1399
1723037511152 0.38085874915122986 1449
