1723029240947 0 49
1723029264892 0 99
1723029281099 0 122
1723029295691 0 149
1723029319662 0 199
1723029346930 0 245
1723029350393 0 249
1723029374509 0 299
1723029398526 0 349
1723029412830 0 368
1723029427575 1 399
1723029451490 1 449
1723029477011 1 491
1723029480798 1 499
1723029504876 1 549
1723029528921 1 599
1723029541309 1 614
1723029558219 1 649
1723029582245 1 699
1723029605658 1 737
1723029611270 2 749
1723029635262 2 799
1723029659254 2 849
1723029669690 2 860
1723029688438 2 899
1723029712335 2 949
1723029733839 2 983
1723029741541 2 999
1723029765299 2 1049
1723029789254 2 1099
1723029797741 2 1106
1723029818247 3 1149
1723029842292 3 1199
1723029861821 3 1229
1723029871502 3 1249
1723029895415 3 1299
