1723029240947 0.6849050521850586 49
1723029264892 0.7170393466949463 99
1723029295691 0.6816967725753784 149
1723029319662 0.6667575836181641 199
1723029350393 0.657079815864563 249
1723029374509 0.5579529404640198 299
1723029398526 0.38270771503448486 349
1723029427575 0.38039734959602356 399
1723029451490 0.643650233745575 449
1723029480798 0.2358369380235672 499
1723029504876 0.19206002354621887 549
1723029528921 0.24775582551956177 599
1723029558219 0.16425088047981262 649
1723029582245 0.3379470109939575 699
1723029611270 0.15296848118305206 749
1723029635262 0.18293333053588867 799
1723029659254 0.29621434211730957 849
1723029688438 0.23898407816886902 899
1723029712335 0.46868276596069336 949
1723029741541 0.10968081653118134 999
1723029765299 0.10044747591018677 1049
1723029789254 0.13567347824573517 1099
1723029818247 0.0855809673666954 1149
1723029842292 0.07052268087863922 1199
1723029871502 0.41138017177581787 1249
1723029895415 0.06140980124473572 1299
