1723477810213 0 49
1723477833020 0 99
1723477848746 0 123
1723477862260 1 149
1723477885062 1 199
1723477911590 1 247
1723477914186 2 249
1723477936987 2 299
1723477959830 2 349
1723477974505 2 371
1723477989047 3 399
1723478011892 3 449
1723478037696 3 495
1723478039728 4 499
1723478062603 4 549
1723478085468 4 599
1723478099256 4 619
1723478113179 5 649
1723478136053 5 699
1723478160801 5 743
1723478165325 6 749
1723478188143 6 799
1723478210981 6 849
1723478224070 6 867
1723478238888 7 899
1723478261729 7 949
1723478285544 7 991
1723478290991 8 999
1723478313708 8 1049
1723478336544 8 1099
1723478348488 8 1115
