1723477810213 0.6776309609413147 49
1723477833020 0.6796649098396301 99
1723477862260 0.49325090646743774 149
1723477885062 0.3721199035644531 199
1723477914186 0.19972527027130127 249
1723477936987 0.166803777217865 299
1723477959830 0.34180301427841187 349
1723477989047 0.16607244312763214 399
1723478011892 0.13854554295539856 449
1723478039728 0.056419335305690765 499
1723478062603 0.08713654428720474 549
1723478085468 0.0519266314804554 599
1723478113179 0.06752002984285355 649
1723478136053 0.025875410065054893 699
1723478165325 0.032166749238967896 749
1723478188143 0.0508071593940258 799
1723478210981 0.024652238935232162 849
1723478238888 0.02515656128525734 899
1723478261729 0.01372173335403204 949
1723478290991 0.015250898897647858 999
1723478313708 0.013550949282944202 1049
1723478336544 0.31859081983566284 1099
