1726043215823 0 49
1726043236657 0 84
1726043245072 0 99
1726043267912 0 149
1726043281884 1 169
1726043296805 1 199
1726043319477 1 249
1726043326748 1 254
1726043348613 1 299
1726043371725 2 339
1726043377948 2 349
1726043400713 2 399
1726043417060 2 424
1726043430099 2 449
1726043452816 2 499
1726043462260 3 509
1726043480610 3 549
1726043506100 3 594
1726043508416 3 599
1726043530928 3 649
1726043549729 4 679
1726043560532 4 699
1726043583287 4 749
1726043595136 4 764
1726043612766 4 799
1726043636546 5 849
1726043641746 5 849
1726043664359 5 899
1726043685310 5 934
