1726043215823 0.6951507329940796 49
1726043245072 0.43270379304885864 99
1726043267912 0.6028517484664917 149
1726043296805 0.383944571018219 199
1726043319477 0.3434411287307739 249
1726043348613 0.2450702041387558 299
1726043377948 0.6583778262138367 349
1726043400713 0.15220323204994202 399
1726043430099 0.10987748205661774 449
1726043452816 0.16944698989391327 499
1726043480610 0.10571346431970596 549
1726043508416 0.05998842418193817 599
1726043530928 0.046057507395744324 649
1726043560532 0.0800555869936943 699
1726043583287 0.014351274818181992 749
1726043612766 0.011046091094613075 799
1726043636546 0.006841361057013273 849
1726043664359 0.005932673811912537 899
