1723457196173 0 49
1723457219661 0 99
1723457236116 0 123
1723457250330 0 149
1723457274583 0 199
1723457302806 1 247
1723457305438 1 249
1723457329487 1 299
1723457353362 1 349
1723457368907 1 371
1723457384207 1 399
1723457408279 1 449
1723457435483 2 495
1723457439149 2 499
1723457463654 2 549
1723457487724 2 599
1723457502507 2 619
1723457518805 2 649
1723457543148 2 699
1723457569303 3 743
1723457572277 3 749
1723457596398 3 799
1723457620328 3 849
1723457634020 3 867
1723457649582 3 899
1723457673523 3 949
1723457698549 4 991
1723457704090 4 999
1723457728921 4 1049
1723457753126 4 1099
1723457765803 4 1115
1723457782489 4 1149
1723457806739 4 1199
1723457830890 5 1239
1723457837495 5 1249
1723457861975 5 1299
1723457885964 5 1349
1723457897795 5 1363
1723457915410 5 1399
1723457939399 5 1449
1723457962836 6 1487
1723457968700 6 1499
1723457993145 6 1549
1723458017763 6 1599
1723458028929 6 1611
