1723457196173 0.6939863562583923 49
1723457219661 0.6858727335929871 99
1723457250330 0.623015820980072 149
1723457274583 0.28766903281211853 199
1723457305438 0.39074137806892395 249
1723457329487 0.3087958097457886 299
1723457353362 0.905484676361084 349
1723457384207 0.9654697179794312 399
1723457408279 0.4600217044353485 449
1723457439149 0.30093759298324585 499
1723457463654 0.4603625535964966 549
1723457487724 0.36799412965774536 599
1723457518805 0.08240409195423126 649
1723457543148 0.5075027942657471 699
1723457572277 0.07560883462429047 749
1723457596398 0.07439826428890228 799
1723457620328 0.07706179469823837 849
1723457649582 0.07375133037567139 899
1723457673523 0.4267392158508301 949
1723457704090 0.06843962520360947 999
1723457728921 0.06275606155395508 1049
1723457753126 0.03847293183207512 1099
1723457782489 0.09126964211463928 1149
1723457806739 0.23866339027881622 1199
1723457837495 0.027000099420547485 1249
1723457861975 0.0323554128408432 1299
1723457885964 0.15786854922771454 1349
1723457915410 0.023983441293239594 1399
1723457939399 0.017705000936985016 1449
1723457968700 0.0181351900100708 1499
1723457993145 0.015704309567809105 1549
1723458017763 0.01557504665106535 1599
