1723027898153 0 49
1723027922333 0 99
1723027938509 0 122
1723027952955 0 149
1723027976743 0 199
1723028003945 0 245
1723028007189 1 249
1723028031320 1 299
1723028055327 1 349
1723028069785 1 368
1723028084024 1 399
1723028106835 1 449
1723028130842 1 491
1723028134496 2 499
1723028157257 2 549
1723028180052 2 599
1723028191826 2 614
1723028207949 2 649
1723028230770 2 699
1723028252980 2 737
1723028258377 3 749
1723028281201 3 799
1723028303986 3 849
1723028313908 3 860
1723028331906 3 899
1723028354925 3 949
1723028375587 3 983
