1723027898153 0.6847911477088928 49
1723027922333 0.6216834187507629 99
1723027952955 0.4011470079421997 149
1723027976743 0.46217334270477295 199
1723028007189 0.41550859808921814 249
1723028031320 0.40098538994789124 299
1723028055327 0.5308064818382263 349
1723028084024 0.09045610576868057 399
1723028106835 0.6463506817817688 449
1723028134496 0.22963646054267883 499
1723028157257 0.18485015630722046 549
1723028180052 0.0274187121540308 599
1723028207949 0.02682504802942276 649
1723028230770 0.2849268913269043 699
1723028258377 0.06825348734855652 749
1723028281201 0.08228319883346558 799
1723028303986 0.03713925555348396 849
1723028331906 0.4264577627182007 899
1723028354925 0.06322158873081207 949
