1725607396633 0 49
1725607414127 0 99
1725607428048 0 123
1725607438133 1 149
1725607455185 1 199
1725607477755 1 247
1725607479531 2 249
1725607497154 2 299
1725607514618 2 349
1725607527844 2 371
1725607542793 3 399
1725607567474 3 449
1725607595354 3 495
1725607599089 4 499
1725607623397 4 549
1725607647753 4 599
1725607663060 4 619
1725607679462 5 649
1725607703576 5 699
1725607730495 5 743
1725607735222 6 749
1725607759493 6 799
1725607783643 6 849
1725607797868 6 867
1725607813482 7 899
1725607837910 7 949
1725607864115 7 991
