1725607396633 0.6764271259307861 49
1725607414127 0.6938607692718506 99
1725607438133 0.702702522277832 149
1725607455185 0.6989682912826538 199
1725607479531 0.6786289811134338 249
1725607497154 0.7084214091300964 299
1725607514618 0.6610949039459229 349
1725607542793 0.6888204216957092 399
1725607567474 0.21420234441757202 449
1725607599089 0.09973488003015518 499
1725607623397 0.07896990329027176 549
1725607647753 0.10296231508255005 599
1725607679462 0.021669816225767136 649
1725607703576 0.021279461681842804 699
1725607735222 0.018335767090320587 749
1725607759493 0.01172622013837099 799
1725607783643 0.008734088391065598 849
1725607813482 0.015171226114034653 899
1725607837910 0.007021176628768444 949
