1724832320203 0 49
1724832343238 0 99
1724832359460 0 123
1724832373218 0 149
1724832396231 0 199
1724832423264 1 247
1724832425636 1 249
1724832448828 1 299
1724832471710 1 349
1724832486711 1 371
1724832501149 1 399
1724832523877 1 449
1724832550027 2 495
1724832553625 2 499
1724832576458 2 549
1724832599271 2 599
1724832613359 2 619
1724832627316 2 649
1724832650252 2 699
1724832675264 3 743
1724832679778 3 749
1724832702778 3 799
1724832725963 3 849
1724832739272 3 867
1724832755530 3 899
1724832778421 3 949
1724832802848 4 991
1724832808174 4 999
1724832831250 4 1049
1724832854214 4 1099
1724832866532 4 1115
1724832882291 4 1149
1724832905104 4 1199
1724832928243 5 1239
1724832934619 5 1249
1724832958284 5 1299
1724832981532 5 1349
1724832992802 5 1363
1724833011123 5 1399
1724833034000 5 1449
1724833056305 6 1487
1724833063595 6 1499
1724833086246 6 1549
1724833109156 6 1599
1724833119624 6 1611
