1724832320203 0.6855375170707703 49
1724832343238 0.6950847506523132 99
1724832373218 0.6768398880958557 149
1724832396231 0.39822137355804443 199
1724832425636 0.5061299800872803 249
1724832448828 0.29865458607673645 299
1724832471710 0.5105816721916199 349
1724832501149 0.5708721280097961 399
1724832523877 0.6108309030532837 449
1724832553625 0.28260567784309387 499
1724832576458 0.3220096826553345 549
1724832599271 0.15813294053077698 599
1724832627316 0.1227201372385025 649
1724832650252 0.47048860788345337 699
1724832679778 0.1199604719877243 749
1724832702778 0.08871861547231674 799
1724832725963 0.16218581795692444 849
1724832755530 0.12748804688453674 899
1724832778421 0.31735700368881226 949
1724832808174 0.6228306293487549 999
1724832831250 0.0422322042286396 1049
1724832854214 0.060199346393346786 1099
1724832882291 0.04221712797880173 1149
1724832905104 0.051879916340112686 1199
1724832934619 0.024693815037608147 1249
1724832958284 0.055435530841350555 1299
1724832981532 0.01695554330945015 1349
1724833011123 0.13592588901519775 1399
1724833034000 0.013647676445543766 1449
1724833063595 0.019057106226682663 1499
1724833086246 0.013140004128217697 1549
1724833109156 0.016297614201903343 1599
