1723476670951 0 49
1723476693814 0 99
1723476709561 0 123
1723476723106 1 149
1723476745957 1 199
1723476772703 1 247
1723476775303 2 249
1723476798133 2 299
1723476821011 2 349
1723476837186 2 371
1723476851734 3 399
1723476874585 3 449
1723476900091 3 495
1723476903706 4 499
1723476926540 4 549
1723476949626 4 599
1723476963380 4 619
1723476977278 5 649
1723477000115 5 699
1723477024830 5 743
1723477029349 6 749
1723477052156 6 799
1723477074996 6 849
1723477087853 6 867
1723477102660 7 899
1723477125507 7 949
1723477149329 7 991
1723477154759 8 999
1723477177498 8 1049
1723477200370 8 1099
1723477213155 8 1115
