1723476670951 0.6776606440544128 49
1723476693814 0.6792768239974976 99
1723476723106 0.4911800026893616 149
1723476745957 0.3728126883506775 199
1723476775303 0.2002580463886261 249
1723476798133 0.15372203290462494 299
1723476821011 0.3230363428592682 349
1723476851734 0.13872408866882324 399
1723476874585 0.11824771016836166 449
1723476903706 0.053285714238882065 499
1723476926540 0.03540486842393875 549
1723476949626 0.058210041373968124 599
1723476977278 0.3251616358757019 649
1723477000115 0.02546757273375988 699
1723477029349 0.02371753193438053 749
1723477052156 0.048860255628824234 799
1723477074996 0.017172105610370636 849
1723477102660 0.028549471870064735 899
1723477125507 0.013022380881011486 949
1723477154759 0.014201202429831028 999
1723477177498 0.941178023815155 1049
1723477200370 0.4119431972503662 1099
