1722336461084 0 49
1722336483161 0 99
1722336497741 0 122
1722336511099 0 149
1722336533231 0 199
1722336558595 0 245
1722336561906 0 249
1722336583842 0 299
1722336605996 0 349
1722336619386 0 368
1722336634545 0 399
1722336656807 0 449
1722336680236 0 491
1722336683823 0 499
1722336705945 0 549
1722336727904 0 599
1722336739516 0 614
1722336756736 0 649
1722336779030 0 699
1722336800649 0 737
1722336807573 0 749
1722336829823 0 799
1722336851654 0 849
1722336861472 0 860
1722336880411 0 899
1722336902619 0 949
1722336923410 0 983
1722336930527 0 999
1722336952865 0 1049
1722336974984 0 1099
1722336982993 0 1106
1722337003493 0 1149
1722337025846 0 1199
1722337043936 0 1229
1722337055918 0 1249
1722337077884 0 1299
1722337100062 0 1349
1722337106264 0 1352
1722337129202 0 1399
1722337151410 0 1449
1722337167907 0 1475
1722337178556 0 1499
1722337200806 0 1549
1722337226789 1 1598
1722337228856 1 1599
1722337251025 1 1649
1722337272973 1 1699
1722337287512 1 1721
