1722336461084 0.04629244655370712 49
1722336483161 0.0774160623550415 99
1722336511099 0.12787987291812897 149
1722336533231 0.08164600282907486 199
1722336561906 0.06594318151473999 249
1722336583842 0.010939588770270348 299
1722336605996 0.0039458973333239555 349
1722336634545 0.0031544233206659555 399
1722336656807 0.6517782807350159 449
1722336683823 0.0031197909265756607 499
1722336705945 0.07256879657506943 549
1722336727904 0.1566607654094696 599
1722336756736 0.002177825663238764 649
1722336779030 0.0018862888682633638 699
1722336807573 0.44477760791778564 749
1722336829823 0.11145003885030746 799
1722336851654 0.0873827338218689 849
1722336880411 0.0013222057605162263 899
1722336902619 0.0015192842110991478 949
1722336930527 0.13274598121643066 999
1722336952865 0.001218501478433609 1049
1722336974984 0.08549068123102188 1099
1722337003493 0.001634949934668839 1149
1722337025846 0.001595043228007853 1199
1722337055918 0.0009819857077673078 1249
1722337077884 0.0018225789535790682 1299
1722337100062 0.0010728554334491491 1349
1722337129202 0.010105402208864689 1399
1722337151410 0.0013811157550662756 1449
1722337178556 0.047954920679330826 1499
1722337200806 0.06409972906112671 1549
1722337228856 0.05666868016123772 1599
1722337251025 0.0037401514127850533 1649
1722337272973 0.0005945832817815244 1699
