1721904436910 0.6891273856163025 49
1721904459605 0.5933881402015686 99
1721904488955 0.6187811493873596 149
1721904511804 0.7584250569343567 199
1721904541425 0.4383605122566223 249
1721904564358 0.5148290991783142 299
1721904587346 0.49770084023475647 349
1721904617164 0.4200045168399811 399
1721904640793 0.4550355076789856 449
1721904670582 0.2638733386993408 499
1721904693650 0.22466693818569183 549
1721904716832 0.29482918977737427 599
1721904746937 0.7410048246383667 649
1721904770419 0.06835766136646271 699
1721904801055 0.37624818086624146 749
1721904824432 0.17618012428283691 799
1721904847394 0.08195528388023376 849
1721904877099 0.13330508768558502 899
1721904900653 0.02669496089220047 949
1721904930670 0.06646034121513367 999
1721904953908 0.019606830552220345 1049
1721904976942 0.03108154609799385 1099
