1722329932420 0 49
1722329954356 0 99
1722329969415 0 122
1722329982898 0 149
1722330004783 0 199
1722330030034 0 245
1722330033343 0 249
1722330055318 0 299
1722330077610 0 349
1722330090990 0 368
1722330106272 0 399
1722330128607 0 449
1722330152374 0 491
1722330157592 0 499
1722330179936 0 549
1722330202428 0 599
1722330214083 0 614
1722330231163 1 649
1722330253314 1 699
1722330275792 1 737
1722330281100 1 749
1722330303466 1 799
1722330325701 1 849
1722330335341 1 860
1722330352722 1 899
1722330374687 1 949
1722330394818 1 983
