1722329932420 0.334650456905365 49
1722329954356 0.0258367657661438 99
1722329982898 0.2919032573699951 149
1722330004783 0.07518046349287033 199
1722330033343 0.2994219958782196 249
1722330055318 0.28115010261535645 299
1722330077610 0.14708729088306427 349
1722330106272 0.6573885083198547 399
1722330128607 0.57338947057724 449
1722330157592 0.003822020487859845 499
1722330179936 0.07580292224884033 549
1722330202428 0.0072671398520469666 599
1722330231163 0.0027442544233053923 649
1722330253314 0.14450673758983612 699
1722330281100 0.12115935236215591 749
1722330303466 0.004213904030621052 799
1722330325701 0.0021601419430226088 849
1722330352722 0.1579609513282776 899
1722330374687 0.03399048373103142 949
