1723035406962 0 49
1723035430706 0 99
1723035446852 0 122
1723035461323 0 149
1723035485197 1 199
1723035512386 1 245
1723035515839 1 249
1723035539793 1 299
1723035563865 1 349
1723035578121 1 368
1723035593158 2 399
1723035617162 2 449
1723035642454 2 491
1723035646301 2 499
1723035670455 2 549
1723035694294 3 599
1723035706655 3 614
1723035723724 3 649
1723035747812 3 699
1723035771154 3 737
1723035776957 4 749
1723035801517 4 799
1723035825956 4 849
1723035836489 4 860
1723035855307 4 899
1723035879377 5 949
1723035900960 5 983
