1723035406962 0.6862989664077759 49
1723035430706 0.6575168967247009 99
1723035461323 0.27918341755867004 149
1723035485197 0.4126046597957611 199
1723035515839 0.49235063791275024 249
1723035539793 0.4714061915874481 299
1723035563865 0.693642258644104 349
1723035593158 0.2840646207332611 399
1723035617162 0.47891145944595337 449
1723035646301 0.20610439777374268 499
1723035670455 0.06966628134250641 549
1723035694294 0.0928005576133728 599
1723035723724 0.036508604884147644 649
1723035747812 0.11213385313749313 699
1723035776957 0.033818453550338745 749
1723035801517 0.03566959500312805 799
1723035825956 0.020288849249482155 849
1723035855307 0.018432708457112312 899
1723035879377 0.01660863868892193 949
