1725448543505 0.14134126901626587 49
1725448566312 0.05446391552686691 99
1725448595446 0.2486097812652588 149
1725448618071 0.01993437111377716 199
1725448647524 0.28614020347595215 249
1725448670437 0.04958612844347954 299
1725448693528 0.011556969955563545 349
1725448722844 0.05146035924553871 399
1725448745641 0.022823672741651535 449
1725448774792 0.21938355267047882 499
1725448797286 0.060545098036527634 549
1725448820131 0.005960526876151562 599
1725448847978 0.011648286134004593 649
1725448871135 0.004991155583411455 699
1725448900328 0.005874169059097767 749
1725448923238 0.003566920291632414 799
1725448946012 0.006156055256724358 849
