1721901371227 0.6770198345184326 49
1721901395363 0.5288815498352051 99
1721901426232 0.49259933829307556 149
1721901450157 0.7362145185470581 199
1721901480951 0.3253929316997528 249
1721901504922 0.4423206150531769 299
1721901528977 0.6508132219314575 349
1721901559666 0.6194751858711243 399
1721901583691 0.4155835509300232 449
1721901612792 0.43427538871765137 499
1721901636871 0.2351524978876114 549
1721901661012 0.7463271021842957 599
1721901690305 1.0270094871520996 649
1721901714400 0.31613340973854065 699
