1723041859375 0 49
1723041883217 0 99
1723041899374 0 122
1723041913859 0 149
1723041937738 0 199
1723041965012 0 245
1723041968602 0 249
1723041992683 0 299
1723042017603 0 349
1723042032611 0 368
1723042048867 1 399
1723042072720 1 449
1723042097960 1 491
1723042103355 1 499
1723042127276 1 549
1723042152082 1 599
1723042164527 1 614
1723042183077 1 649
1723042206973 1 699
1723042230544 1 737
1723042237836 2 749
1723042262012 2 799
1723042286576 2 849
1723042297247 2 860
1723042316369 2 899
1723042340840 2 949
1723042362756 2 983
