1723041859375 0.676589846611023 49
1723041883217 0.5000091791152954 99
1723041913859 0.2814507782459259 149
1723041937738 0.2327883243560791 199
1723041968602 0.34121620655059814 249
1723041992683 0.24358969926834106 299
1723042017603 0.11822105199098587 349
1723042048867 0.27888986468315125 399
1723042072720 0.46464693546295166 449
1723042103355 0.06612763553857803 499
1723042127276 0.060336917638778687 549
1723042152082 0.04099743813276291 599
1723042183077 0.029083291068673134 649
1723042206973 0.043659552931785583 699
1723042237836 0.05564727261662483 749
1723042262012 0.05037494748830795 799
1723042286576 0.03565042093396187 849
1723042316369 0.02461765892803669 899
1723042340840 0.5135918259620667 949
