1724853991608 0 49
1724854014401 0 99
1724854030198 0 123
1724854043807 1 149
1724854066597 1 199
1724854093422 1 247
1724854096148 2 249
1724854119099 2 299
1724854141949 2 349
1724854157252 2 371
1724854171987 3 399
1724854194836 3 449
1724854221175 3 495
1724854224885 4 499
1724854247731 4 549
1724854270594 4 599
1724854284543 4 619
1724854300113 5 649
1724854323302 5 699
1724854348163 5 743
1724854352844 6 749
1724854375984 6 799
1724854398860 6 849
1724854411826 6 867
1724854428676 7 899
1724854451585 7 949
1724854475543 7 991
1724854479483 8 999
1724854502865 8 1049
1724854525856 8 1099
1724854537925 8 1115
1724854553847 9 1149
1724854577031 9 1199
1724854600283 9 1239
1724854605185 10 1249
1724854628581 10 1299
1724854651557 10 1349
1724854662675 10 1363
1724854679289 11 1399
1724854702111 11 1449
1724854724172 11 1487
