1724853991608 0.6879948377609253 49
1724854014401 0.6977750658988953 99
1724854043807 0.6893407106399536 149
1724854066597 0.6765552163124084 199
1724854096148 0.6750394105911255 249
1724854119099 0.6914131045341492 299
1724854141949 0.6921491026878357 349
1724854171987 0.6683051586151123 399
1724854194836 0.5746986269950867 449
1724854224885 0.48440638184547424 499
1724854247731 0.3293420374393463 549
1724854270594 0.38380342721939087 599
1724854300113 0.3886018395423889 649
1724854323302 0.2533011734485626 699
1724854352844 0.26922178268432617 749
1724854375984 0.23802894353866577 799
1724854398860 0.21883058547973633 849
1724854428676 0.18094202876091003 899
1724854451585 0.2380862832069397 949
1724854479483 0.17983944714069366 999
1724854502865 0.0781676322221756 1049
1724854525856 0.44448134303092957 1099
1724854553847 0.0951334536075592 1149
1724854577031 0.13705326616764069 1199
1724854605185 0.05879925191402435 1249
1724854628581 0.4329443871974945 1299
1724854651557 0.08858175575733185 1349
1724854679289 0.4446053206920624 1399
1724854702111 0.089238241314888 1449
