1722951181053 0 49
1722951227999 0 99
1722951260090 0 122
1722951287164 0 149
1722951333501 0 199
1722951386510 0 245
1722951391898 0 249
1722951438895 0 299
1722951485229 0 349
1722951513060 0 368
1722951541968 0 399
1722951588568 0 449
1722951637967 0 491
1722951644982 1 499
1722951692198 1 549
1722951739599 1 599
1722951763669 1 614
1722951781358 1 649
1722951804115 1 699
1722951826794 1 737
1722951832401 1 749
1722951855233 1 799
1722951878330 1 849
1722951888424 1 860
1722951906758 1 899
1722951929468 1 949
1722951950072 1 983
1722951957305 2 999
1722951980172 2 1049
1722952003163 2 1099
1722952011309 2 1106
1722952031284 2 1149
1722952054260 2 1199
1722952072892 2 1229
1722952082234 2 1249
1722952105271 2 1299
1722952128031 2 1349
1722952134292 2 1352
1722952155644 2 1399
1722952178170 2 1449
1722952194751 2 1475
1722952205521 3 1499
1722952228309 3 1549
1722952256119 3 1598
