1722951181053 0.6766956448554993 49
1722951227999 0.45250821113586426 99
1722951287164 0.49578502774238586 149
1722951333501 0.22710630297660828 199
1722951391898 0.2889292240142822 249
1722951438895 0.14709925651550293 299
1722951485229 0.3008561432361603 349
1722951541968 0.33635690808296204 399
1722951588568 0.4454779028892517 449
1722951644982 0.5754563212394714 499
1722951692198 0.1602451503276825 549
1722951739599 0.027182193472981453 599
1722951781358 0.059334896504879 649
1722951804115 0.13409438729286194 699
1722951832401 0.031682707369327545 749
1722951855233 0.0441463366150856 799
1722951878330 0.020365377888083458 849
1722951906758 0.01981949619948864 899
1722951929468 0.02106889896094799 949
1722951957305 0.022362494841217995 999
1722951980172 0.39504358172416687 1049
1722952003163 0.019481664523482323 1099
1722952031284 0.02014526166021824 1149
1722952054260 0.03144152835011482 1199
1722952082234 0.010264567099511623 1249
1722952105271 0.027587447315454483 1299
1722952128031 0.23528514802455902 1349
1722952155644 0.03330250829458237 1399
1722952178170 0.13910403847694397 1449
1722952205521 0.010496123693883419 1499
1722952228309 0.013997751288115978 1549
