1724849765436 0 49
1724849788774 0 99
1724849805297 0 123
1724849819415 0 149
1724849843408 0 199
1724849871614 1 247
1724849874045 1 249
1724849898146 1 299
1724849922257 1 349
1724849937976 1 371
1724849953193 1 399
1724849976348 1 449
1724850002255 2 495
1724850005764 2 499
1724850028713 2 549
1724850051529 2 599
1724850066093 2 619
1724850081500 2 649
1724850104813 2 699
1724850130301 3 743
1724850134853 3 749
1724850158437 3 799
1724850181552 3 849
1724850195063 3 867
1724850210016 3 899
1724850233400 3 949
1724850257320 4 991
1724850261012 4 999
1724850284433 4 1049
1724850308024 4 1099
1724850320438 4 1115
