1724849765436 0.6952911615371704 49
1724849788774 0.6244965195655823 99
1724849819415 0.6462298631668091 149
1724849843408 0.24414736032485962 199
1724849874045 0.45893147587776184 249
1724849898146 0.19982513785362244 299
1724849922257 0.29834452271461487 349
1724849953193 0.690214991569519 399
1724849976348 0.1394580900669098 449
1724850005764 0.03564419969916344 499
1724850028713 0.22584043443202972 549
1724850051529 0.030158035457134247 599
1724850081500 0.016970595344901085 649
1724850104813 0.48437970876693726 699
1724850134853 0.13961316645145416 749
1724850158437 0.01247064396739006 799
1724850181552 0.09213846921920776 849
1724850210016 0.011319422163069248 899
1724850233400 0.04882536828517914 949
1724850261012 0.00798824243247509 999
1724850284433 0.007631635293364525 1049
1724850308024 0.006759707350283861 1099
