1725524757900 0 49
1725524789933 0 99
1725524817087 0 123
1725524835841 0 149
1725524872016 0 199
1725524917591 1 247
1725524920263 1 249
1725524954453 1 299
1725524988794 1 349
1725525014338 1 370
1725525034571 1 399
1725525067389 1 449
1725525111004 2 494
1725525115485 2 499
1725525150500 2 549
1725525182733 2 599
1725525206810 2 617
1725525228628 2 649
1725525261863 2 699
1725525303400 3 741
1725525312128 3 749
1725525359303 3 799
1725525406730 3 849
1725525432934 3 865
1725525465581 3 899
1725525511140 3 949
1725525557367 4 988
1725525570068 4 999
1725525614439 4 1049
1725525664610 4 1099
1725525689188 4 1112
1725525724502 4 1149
1725525767783 4 1199
1725525813062 5 1236
1725525828367 5 1249
1725525872597 5 1299
1725525917126 5 1349
1725525938563 5 1359
1725525979063 5 1399
1725526025280 5 1449
1725526068817 6 1483
1725526085175 6 1499
1725526130801 6 1549
1725526180108 6 1599
1725526199862 6 1606
