1725524757900 0.750443696975708 49
1725524789933 0.6744884848594666 99
1725524835841 0.8119547367095947 149
1725524872016 0.6270217895507812 199
1725524920263 0.594813883304596 249
1725524954453 0.6756981015205383 299
1725524988794 0.7436968088150024 349
1725525034571 0.7288614511489868 399
1725525067389 0.6535837650299072 449
1725525115485 0.6374262571334839 499
1725525150500 0.6663014888763428 549
1725525182733 0.5958554148674011 599
1725525228628 0.6200894117355347 649
1725525261863 0.3904765844345093 699
1725525312128 0.5391256809234619 749
1725525359303 0.9553016424179077 799
1725525406730 0.34445130825042725 849
1725525465581 1.1165721416473389 899
1725525511140 0.24258944392204285 949
1725525570068 0.1236582100391388 999
1725525614439 1.1977349519729614 1049
1725525664610 0.06823147088289261 1099
1725525724502 0.18976816534996033 1149
1725525767783 0.05111772567033768 1199
1725525828367 0.0236408319324255 1249
1725525872597 0.024248264729976654 1299
1725525917126 0.009790737181901932 1349
1725525979063 0.014052774757146835 1399
1725526025280 0.019146226346492767 1449
1725526085175 0.04990435391664505 1499
1725526130801 0.015359822660684586 1549
1725526180108 0.006436163559556007 1599
