1725350862302 0.4440772533416748 49
1725350921941 0.41455793380737305 99
1725350999063 0.4314378499984741 149
1725351058879 0.18947170674800873 199
1725351134501 0.8399627804756165 249
1725351194366 0.470615029335022 299
1725351255295 2.256880044937134 349
1725351335951 0.03078491985797882 399
1725351394008 0.0923161655664444 449
1725351470573 0.33570438623428345 499
1725351532760 0.006197985261678696 549
1725351597566 0.37128570675849915 599
1725351673530 0.0022983672097325325 649
1725351734924 0.011870935559272766 699
