1723459118444 0 49
1723459141262 0 99
1723459157207 0 123
1723459170659 0 149
1723459193655 0 199
1723459221431 1 247
1723459223924 1 249
1723459247112 1 299
1723459270842 1 349
1723459286158 1 371
1723459301210 1 399
1723459324476 1 449
1723459350544 2 495
1723459354083 2 499
1723459377006 2 549
1723459399864 2 599
1723459413919 2 619
1723459429269 2 649
1723459452425 2 699
1723459479352 3 743
1723459482637 3 749
1723459505976 3 799
1723459529140 3 849
1723459542624 3 867
1723459557468 3 899
1723459580849 3 949
1723459605510 4 991
1723459609270 4 999
1723459632574 4 1049
1723459656151 4 1099
1723459668836 4 1115
1723459686416 4 1149
1723459709511 4 1199
1723459732764 5 1239
1723459737490 5 1249
1723459760580 5 1299
1723459783618 5 1349
1723459794948 5 1363
1723459811736 5 1399
1723459834793 5 1449
1723459857323 6 1487
1723459864840 6 1499
1723459888205 6 1549
1723459911225 6 1599
1723459921686 6 1611
1723459939227 6 1649
1723459962286 6 1699
1723459983718 7 1735
1723459990399 7 1749
1723460013624 7 1799
1723460036627 7 1849
1723460046180 7 1859
