1723459118444 0.6942641735076904 49
1723459141262 0.6856410503387451 99
1723459170659 0.6139765977859497 149
1723459193655 0.30694854259490967 199
1723459223924 0.41012871265411377 249
1723459247112 0.2834071218967438 299
1723459270842 1.0444705486297607 349
1723459301210 1.0171176195144653 399
1723459324476 0.5257009267807007 449
1723459354083 0.3252158761024475 499
1723459377006 0.39718616008758545 549
1723459399864 0.3267957866191864 599
1723459429269 0.0814158096909523 649
1723459452425 0.5436486601829529 699
1723459482637 0.08225531131029129 749
1723459505976 0.08338318765163422 799
1723459529140 0.07893293350934982 849
1723459557468 0.07534527033567429 899
1723459580849 0.377301961183548 949
1723459609270 0.09114836156368256 999
1723459632574 0.048709072172641754 1049
1723459656151 0.038479261100292206 1099
1723459686416 0.15041032433509827 1149
1723459709511 0.19789236783981323 1199
1723459737490 0.03162610903382301 1249
1723459760580 0.026795348152518272 1299
1723459783618 0.03186996653676033 1349
1723459811736 0.05172437056899071 1399
1723459834793 0.12364313751459122 1449
1723459864840 0.01914561353623867 1499
1723459888205 0.016752315685153008 1549
1723459911225 0.017133468762040138 1599
1723459939227 0.021279454231262207 1649
1723459962286 0.016281312331557274 1699
1723459990399 0.012568746693432331 1749
1723460013624 0.010988571681082249 1799
1723460036627 0.010873016901314259 1849
