1725360875130 0.5116642713546753 49
1725360932092 0.5107293725013733 99
1725361005818 0.5445564389228821 149
1725361063323 0.14274393022060394 199
1725361136102 0.34189826250076294 249
1725361192966 0.8262068629264832 299
1725361250251 1.3562325239181519 349
1725361326476 0.21962016820907593 399
1725361381609 0.03843734413385391 449
1725361454726 0.11515577137470245 499
1725361512593 0.6911328434944153 549
1725361572884 0.06276001036167145 599
1725361644267 0.01371829118579626 649
1725361701329 0.015392777509987354 699
