1722953437340 0 49
1722953460043 0 99
1722953475307 0 122
1722953488903 0 149
1722953511488 0 199
1722953537106 0 245
1722953540591 0 249
1722953563261 0 299
1722953586112 0 349
1722953599639 0 368
1722953613584 0 399
1722953636459 0 449
1722953660455 0 491
1722953664091 0 499
1722953686690 0 549
1722953709180 1 599
1722953720989 1 614
1722953736778 1 649
1722953759468 1 699
1722953781424 1 737
1722953786994 1 749
1722953809573 1 799
1722953832135 1 849
1722953842005 1 860
1722953859776 1 899
1722953882495 1 949
1722953902685 1 983
1722953910084 1 999
1722953932524 1 1049
1722953955179 1 1099
1722953963250 1 1106
1722953982759 2 1149
1722954005386 2 1199
1722954023811 2 1229
1722954032873 2 1249
1722954055446 2 1299
1722954078080 2 1349
1722954084331 2 1352
1722954105696 2 1399
1722954128699 2 1449
1722954145256 2 1475
1722954156363 2 1499
1722954178839 2 1549
1722954205958 2 1598
