1722953437340 0.6756595373153687 49
1722953460043 0.516200602054596 99
1722953488903 0.20653125643730164 149
1722953511488 0.20524197816848755 199
1722953540591 0.4867206811904907 249
1722953563261 0.14171454310417175 299
1722953586112 0.12417060136795044 349
1722953613584 0.07316254824399948 399
1722953636459 0.1378190666437149 449
1722953664091 0.03588905185461044 499
1722953686690 0.034488480538129807 549
1722953709180 0.04817233979701996 599
1722953736778 0.10038996487855911 649
1722953759468 0.360517680644989 699
1722953786994 0.02119724452495575 749
1722953809573 0.13493548333644867 799
1722953832135 0.01777595467865467 849
1722953859776 0.017316436395049095 899
1722953882495 0.13642947375774384 949
1722953910084 0.43774279952049255 999
1722953932524 0.4131573438644409 1049
1722953955179 0.04829984903335571 1099
1722953982759 0.01360694132745266 1149
1722954005386 0.01972014084458351 1199
1722954032873 0.4714149832725525 1249
1722954055446 0.01828884705901146 1299
1722954078080 0.007749158889055252 1349
1722954105696 0.013953879475593567 1399
1722954128699 0.014438618905842304 1449
1722954156363 0.010887481272220612 1499
1722954178839 0.031728267669677734 1549
