1721905989846 0 49
1721906012366 0 99
1721906027887 0 123
1721906041459 1 149
1721906064660 1 199
1721906091921 1 247
1721906094692 2 249
1721906118226 2 299
1721906141462 2 349
1721906156355 2 371
1721906171187 3 399
1721906194062 3 449
1721906219645 3 495
1721906223380 4 499
1721906246712 4 549
1721906270061 4 599
1721906283997 4 619
1721906299930 5 649
1721906322849 5 699
1721906347705 5 743
1721906352483 6 749
1721906375689 6 799
1721906398542 6 849
1721906411605 6 867
1721906428156 7 899
1721906451305 7 949
1721906475421 7 991
