1721905989846 0.6729158759117126 49
1721906012366 0.6081255674362183 99
1721906041459 0.5936824679374695 149
1721906064660 0.7680387496948242 199
1721906094692 0.5457443594932556 249
1721906118226 0.5445464253425598 299
1721906141462 0.47321563959121704 349
1721906171187 0.5760512351989746 399
1721906194062 0.2956552803516388 449
1721906223380 0.1304754912853241 499
1721906246712 0.06558739393949509 549
1721906270061 0.4690209925174713 599
1721906299930 0.38240760564804077 649
1721906322849 0.028526242822408676 699
1721906352483 0.029260070994496346 749
1721906375689 0.06073912978172302 799
1721906398542 0.019478226080536842 849
1721906428156 0.4947522282600403 899
1721906451305 0.016417833045125008 949
