1723451420468 0.6835031509399414 49
1723451443060 0.5725942850112915 99
1723451472398 0.5483914613723755 149
1723451495109 0.2277979850769043 199
1723451524093 0.45122137665748596 249
1723451546757 0.1274900734424591 299
1723451569491 0.6860442161560059 349
1723451599083 0.5408772826194763 399
1723451621783 0.10211057215929031 449
1723451650877 0.04635255038738251 499
1723451673563 0.062436312437057495 549
1723451696277 0.012969757430255413 599
1723451725474 0.0175784844905138 649
1723451748163 0.5294892191886902 699
1723451775635 0.026747042313218117 749
1723451798364 0.010509585961699486 799
1723451821085 0.006438361015170813 849
