1726220367546 0 49
1726220390695 0 99
1726220406859 0 123
1726220420428 0 149
1726220443538 0 199
1726220470973 0 247
1726220473582 0 249
1726220496615 0 299
1726220520172 0 349
1726220535567 0 371
1726220550318 0 399
1726220573652 0 449
1726220600632 0 495
1726220603964 1 499
1726220627482 1 549
1726220650781 1 599
1726220665081 1 619
1726220680777 1 649
1726220704724 1 699
1726220730720 1 743
1726220735152 1 749
1726220758387 1 799
1726220781901 1 849
1726220795418 1 867
1726220812582 1 899
1726220836076 1 949
1726220860675 1 991
1726220865922 2 999
1726220889696 2 1049
1726220912799 2 1099
1726220925410 2 1115
1726220941649 2 1149
1726220964858 2 1199
1726220988452 2 1239
