1726045634742 0 49
1726045668432 1 99
1726045698188 1 123
1726045717436 1 149
1726045752006 2 199
1726045799143 2 247
1726045802261 2 249
1726045848483 3 299
1726045894403 4 349
1726045927838 4 372
1726045956174 4 399
1726046006440 5 449
1726046065952 5 496
1726046070392 5 499
1726046116782 6 549
1726046162128 7 599
1726046196280 7 620
1726046225805 7 649
1726046272295 8 699
1726046328225 8 744
1726046333726 8 749
1726046381092 9 799
1726046427260 9 849
1726046460285 10 869
1726046491304 10 899
1726046537190 11 949
1726046592628 11 993
1726046600606 11 999
1726046648426 12 1049
1726046695753 12 1099
1726046724917 13 1117
1726046758370 13 1149
1726046804539 14 1199
1726046856353 14 1241
