1726045634742 0.9722194075584412 49
1726045668432 0.7642883062362671 99
1726045717436 0.7239441871643066 149
1726045752006 0.614307165145874 199
1726045802261 0.5845248103141785 249
1726045848483 0.7288960814476013 299
1726045894403 0.40127402544021606 349
1726045956174 0.2783855199813843 399
1726046006440 0.21684657037258148 449
1726046070392 0.2895234525203705 499
1726046116782 0.035207394510507584 549
1726046162128 0.386176198720932 599
1726046225805 0.015296656638383865 649
1726046272295 0.011391066014766693 699
1726046333726 0.007703146897256374 749
1726046381092 0.008481997065246105 799
1726046427260 0.007611246779561043 849
1726046491304 0.011078575626015663 899
1726046537190 0.008467591367661953 949
1726046600606 0.004995869472622871 999
1726046648426 0.006885253358632326 1049
1726046695753 0.008542124181985855 1099
1726046758370 0.0037104026414453983 1149
1726046804539 0.003710945835337043 1199
