1724833159330 0 49
1724833182026 0 99
1724833197953 0 123
1724833211620 0 149
1724833234781 0 199
1724833262078 1 247
1724833264510 1 249
1724833287862 1 299
1724833310966 1 349
1724833325986 1 371
1724833340772 1 399
1724833363929 1 449
1724833390396 2 495
1724833393962 2 499
1724833416829 2 549
1724833439868 2 599
1724833454080 2 619
1724833468029 2 649
1724833491375 2 699
1724833516640 3 743
1724833521085 3 749
1724833544211 3 799
1724833567084 3 849
1724833580400 3 867
1724833596770 3 899
1724833619699 3 949
1724833643715 4 991
1724833648899 4 999
1724833672257 4 1049
1724833695411 4 1099
1724833707743 4 1115
1724833723528 4 1149
1724833746757 4 1199
1724833769822 5 1239
