1724833159330 0.6858646273612976 49
1724833182026 0.6950384378433228 99
1724833211620 0.6790468096733093 149
1724833234781 0.40815508365631104 199
1724833264510 0.5076388120651245 249
1724833287862 0.30675840377807617 299
1724833310966 0.5384480953216553 349
1724833340772 0.54716557264328 399
1724833363929 0.602544903755188 449
1724833393962 0.2776651382446289 499
1724833416829 0.3052278161048889 549
1724833439868 0.1364939957857132 599
1724833468029 0.10150545835494995 649
1724833491375 0.4657343029975891 699
1724833521085 0.1266222894191742 749
1724833544211 0.15346011519432068 799
1724833567084 0.15457119047641754 849
1724833596770 0.06475495547056198 899
1724833619699 0.18401002883911133 949
1724833648899 0.1690361648797989 999
1724833672257 0.03961539641022682 1049
1724833695411 0.033385269343853 1099
1724833723528 0.03275539353489876 1149
1724833746757 0.055358920246362686 1199
