1723460085667 0 49
1723460108633 0 99
1723460124587 0 123
1723460138129 0 149
1723460161207 0 199
1723460188362 1 247
1723460190882 1 249
1723460213924 1 299
1723460236955 1 349
1723460251986 1 371
1723460266590 1 399
1723460289704 1 449
1723460315743 2 495
1723460319338 2 499
1723460342342 2 549
1723460365378 2 599
1723460379540 2 619
1723460395126 2 649
1723460418154 2 699
1723460443574 3 743
1723460446384 3 749
1723460469573 3 799
1723460492716 3 849
1723460505983 3 867
1723460520809 3 899
1723460543883 3 949
1723460568679 4 991
1723460574211 4 999
1723460598158 4 1049
1723460621392 4 1099
1723460633708 4 1115
1723460649453 4 1149
1723460673310 4 1199
1723460696989 5 1239
1723460703245 5 1249
1723460726465 5 1299
1723460749747 5 1349
1723460761095 5 1363
1723460779549 5 1399
1723460802597 5 1449
1723460824937 6 1487
1723460830603 6 1499
1723460853596 6 1549
1723460876603 6 1599
1723460887061 6 1611
1723460904570 6 1649
1723460927679 6 1699
1723460949112 7 1735
