1723460085667 0.6942479610443115 49
1723460108633 0.6839401125907898 99
1723460138129 0.5537142753601074 149
1723460161207 0.31660041213035583 199
1723460190882 0.30625128746032715 249
1723460213924 0.3760691285133362 299
1723460236955 0.9090736508369446 349
1723460266590 0.9771225452423096 399
1723460289704 0.5294481515884399 449
1723460319338 0.30858051776885986 499
1723460342342 0.4381192922592163 549
1723460365378 0.4912176728248596 599
1723460395126 0.08628164976835251 649
1723460418154 0.5335056185722351 699
1723460446384 0.11996717751026154 749
1723460469573 0.18523749709129333 799
1723460492716 0.09997241199016571 849
1723460520809 0.08490496873855591 899
1723460543883 0.4247765839099884 949
1723460574211 0.24909630417823792 999
1723460598158 0.05598004534840584 1049
1723460621392 0.03221963718533516 1099
1723460649453 0.07770055532455444 1149
1723460673310 0.055496156215667725 1199
1723460703245 0.0379912406206131 1249
1723460726465 0.08483465015888214 1299
1723460749747 0.3902008533477783 1349
1723460779549 0.025603337213397026 1399
1723460802597 0.02202712558209896 1449
1723460830603 0.054849885404109955 1499
1723460853596 0.018745657056570053 1549
1723460876603 0.025051817297935486 1599
1723460904570 0.019839556887745857 1649
1723460927679 0.015950137749314308 1699
