1723478377084 0 49
1723478399893 0 99
1723478415446 0 123
1723478428983 1 149
1723478451804 1 199
1723478478352 1 247
1723478480946 2 249
1723478503749 2 299
1723478526600 2 349
1723478541287 2 371
1723478556083 3 399
1723478578914 3 449
1723478604425 3 495
1723478606459 4 499
1723478629340 4 549
1723478652204 4 599
1723478665991 4 619
1723478679916 5 649
1723478702804 5 699
1723478727570 5 743
1723478732109 6 749
1723478754966 6 799
1723478777852 6 849
1723478791310 6 867
1723478806127 7 899
1723478828992 7 949
1723478852816 7 991
1723478856665 8 999
1723478879424 8 1049
1723478902299 8 1099
1723478914261 8 1115
