1723478377084 0.678241491317749 49
1723478399893 0.6817976236343384 99
1723478428983 0.5376465320587158 149
1723478451804 0.352361798286438 199
1723478480946 0.20239925384521484 249
1723478503749 0.17933222651481628 299
1723478526600 0.358074814081192 349
1723478556083 0.14030902087688446 399
1723478578914 0.20424973964691162 449
1723478606459 0.0587942972779274 499
1723478629340 0.0402260348200798 549
1723478652204 0.057206425815820694 599
1723478679916 0.09788405895233154 649
1723478702804 0.022842511534690857 699
1723478732109 0.031502921134233475 749
1723478754966 0.02800797112286091 799
1723478777852 0.04843508079648018 849
1723478806127 0.03451252728700638 899
1723478828992 0.017516814172267914 949
1723478856665 0.016684554517269135 999
1723478879424 0.018074795603752136 1049
1723478902299 0.3932064473628998 1099
