1725446703207 0.14134126901626587 49
1725446725997 0.05446391552686691 99
1725446755364 0.2486097812652588 149
1725446778097 0.01993437111377716 199
1725446808402 0.28614020347595215 249
1725446831187 0.04958612844347954 299
1725446853881 0.011556969955563545 349
1725446883108 0.05146035924553871 399
1725446906096 0.022823672741651535 449
1725446936193 0.21938355267047882 499
1725446959194 0.060545098036527634 549
1725446982202 0.005960526876151562 599
1725447010198 0.011648286134004593 649
1725447033206 0.004991155583411455 699
1725447062960 0.005874169059097767 749
1725447086133 0.003566920291632414 799
1725447109142 0.006156055256724358 849
