1723468779857 0 49
1723468803291 0 99
1723468819690 0 123
1723468833538 0 149
1723468857218 0 199
1723468884977 1 247
1723468887472 1 249
1723468911193 1 299
1723468934957 1 349
1723468950491 1 371
1723468965473 1 399
1723468989328 1 449
1723469016511 2 495
1723469020098 2 499
1723469044240 2 549
1723469068194 2 599
1723469083021 2 619
1723469099161 2 649
1723469123100 2 699
1723469149113 3 743
1723469152001 3 749
1723469175912 3 799
1723469199827 3 849
1723469213789 3 867
1723469229435 3 899
1723469253713 3 949
1723469278859 4 991
1723469284437 4 999
1723469308921 4 1049
1723469332875 4 1099
1723469345580 4 1115
1723469364210 4 1149
1723469388675 4 1199
1723469412875 5 1239
1723469417683 5 1249
1723469442254 5 1299
1723469466409 5 1349
1723469478140 5 1363
