1723468779857 0.6939542293548584 49
1723468803291 0.6851754784584045 99
1723468833538 0.5447312593460083 149
1723468857218 0.2823324501514435 199
1723468887472 0.37013229727745056 249
1723468911193 0.2622267007827759 299
1723468934957 0.9432464838027954 349
1723468965473 0.8841038942337036 399
1723468989328 0.5220773816108704 449
1723469020098 0.2945849895477295 499
1723469044240 0.36517465114593506 549
1723469068194 0.44897913932800293 599
1723469099161 0.0761718899011612 649
1723469123100 0.48862046003341675 699
1723469152001 0.06882283091545105 749
1723469175912 0.056398577988147736 799
1723469199827 0.05510876327753067 849
1723469229435 0.05999436974525452 899
1723469253713 0.39794641733169556 949
1723469284437 0.05428697168827057 999
1723469308921 0.028254445642232895 1049
1723469332875 0.030002133920788765 1099
1723469364210 0.08868732303380966 1149
1723469388675 0.07269494235515594 1199
1723469417683 0.0440259724855423 1249
1723469442254 0.02083597704768181 1299
1723469466409 0.031472548842430115 1349
