1723448549945 0 49
1723448572805 0 99
1723448588871 0 123
1723448602310 0 149
1723448625316 0 199
1723448652383 1 247
1723448654870 1 249
1723448678019 1 299
1723448701073 1 349
1723448716120 1 371
1723448730727 1 399
1723448754000 1 449
1723448780148 2 495
1723448783701 2 499
1723448806764 2 549
1723448829450 2 599
1723448843547 2 619
1723448859290 2 649
1723448882366 2 699
1723448907329 3 743
1723448911698 3 749
1723448934489 3 799
1723448957484 3 849
1723448971043 3 867
1723448986249 3 899
1723449009673 3 949
1723449033811 4 991
