1723448549945 0.6919639110565186 49
1723448572805 0.6688494682312012 99
1723448602310 0.443194717168808 149
1723448625316 0.22506041824817657 199
1723448654870 0.36261075735092163 249
1723448678019 0.09727765619754791 299
1723448701073 0.7329767346382141 349
1723448730727 0.6058340668678284 399
1723448754000 0.1575600802898407 449
1723448783701 0.05691598355770111 499
1723448806764 0.0476483479142189 549
1723448829450 0.056125249713659286 599
1723448859290 0.014744475483894348 649
1723448882366 0.32611778378486633 699
1723448911698 0.013905681669712067 749
1723448934489 0.008671605959534645 799
1723448957484 0.08623756468296051 849
1723448986249 0.005242574028670788 899
1723449009673 0.1398981660604477 949
