1725358463689 0 49
1725358509167 0 99
1725358545550 0 123
1725358571652 1 149
1725358617205 1 199
1725358675511 1 247
1725358678801 2 249
1725358737947 2 299
1725358798725 2 349
1725358840477 2 371
1725358879075 3 399
1725358937164 3 449
1725359006347 3 495
1725359012846 4 499
1725359073887 4 549
1725359136715 4 599
1725359172818 4 619
1725359210769 5 649
1725359269962 5 699
1725359337608 5 743
1725359346322 6 749
1725359404294 6 799
1725359466922 6 849
1725359501988 6 867
1725359543542 7 899
1725359603685 7 949
1725359669708 7 991
1725359679010 8 999
1725359740743 8 1049
1725359799625 8 1099
1725359833596 8 1115
