1725358463689 0.5098315477371216 49
1725358509167 0.5262150764465332 99
1725358571652 0.6172888278961182 149
1725358617205 0.6167953014373779 199
1725358678801 0.8289217352867126 249
1725358737947 0.7994996309280396 299
1725358798725 0.7360568046569824 349
1725358879075 1.735229730606079 399
1725358937164 0.11346469819545746 449
1725359012846 0.15260659158229828 499
1725359073887 1.0811692476272583 549
1725359136715 0.017628144472837448 599
1725359210769 0.02253962866961956 649
1725359269962 0.024690022692084312 699
1725359346322 0.00840034056454897 749
1725359404294 0.013924678787589073 799
1725359466922 0.01596476323902607 849
1725359543542 0.005275613162666559 899
1725359603685 0.001172748627141118 949
1725359679010 0.0006693013710901141 999
1725359740743 0.00279869232326746 1049
1725359799625 0.007274715229868889 1099
