1721987618149 0.6660686731338501 49
1721987641020 0.43323537707328796 99
1721987670341 0.3878801465034485 149
1721987693633 0.09184818714857101 199
1721987723318 0.30990666151046753 249
1721987746499 0.03242076188325882 299
1721987769353 0.08557689934968948 349
1721987798766 0.037261348217725754 399
1721987822004 0.01501929759979248 449
1721987851548 0.01313853356987238 499
1721987874403 0.010679180733859539 549
1721987897416 0.14672796428203583 599
1721987925869 0.008505918085575104 649
1721987948984 0.007034379057586193 699
