1722959224680 0 49
1722959247233 0 99
1722959262514 0 122
1722959276284 0 149
1722959298667 0 199
1722959324423 0 245
1722959327774 0 249
1722959350441 0 299
1722959373055 0 349
1722959387009 0 368
1722959400937 0 399
1722959423497 0 449
1722959447292 0 491
1722959450938 0 499
1722959473448 0 549
1722959496097 0 599
1722959507752 0 614
1722959523282 1 649
1722959545695 1 699
1722959567754 1 737
1722959573197 1 749
1722959595816 1 799
1722959618436 1 849
1722959628107 1 860
1722959645735 1 899
1722959668407 1 949
1722959688613 1 983
1722959695873 1 999
1722959718563 1 1049
1722959741085 1 1099
1722959749129 1 1106
1722959768457 1 1149
1722959791106 1 1199
1722959809598 1 1229
1722959818515 2 1249
1722959840970 2 1299
1722959863622 2 1349
1722959869854 2 1352
1722959891206 2 1399
1722959913714 2 1449
1722959930403 2 1475
1722959941192 2 1499
1722959963430 2 1549
1722959990546 2 1598
