1722959224680 0.6942802667617798 49
1722959247233 0.6044756174087524 99
1722959276284 0.41232436895370483 149
1722959298667 0.20770807564258575 199
1722959327774 0.398836612701416 249
1722959350441 0.5502819418907166 299
1722959373055 0.10326790809631348 349
1722959400937 0.4402547776699066 399
1722959423497 0.3466476500034332 449
1722959450938 0.033479057252407074 499
1722959473448 0.07514166831970215 549
1722959496097 0.049772825092077255 599
1722959523282 0.02507350593805313 649
1722959545695 0.4981144368648529 699
1722959573197 0.12728095054626465 749
1722959595816 0.028234124183654785 799
1722959618436 0.03048931621015072 849
1722959645735 0.030020292848348618 899
1722959668407 0.06320823729038239 949
1722959695873 0.1426132470369339 999
1722959718563 0.4504407048225403 1049
1722959741085 0.34995943307876587 1099
1722959768457 0.08374512940645218 1149
1722959791106 0.014991704374551773 1199
1722959818515 0.02542995847761631 1249
1722959840970 0.1032794788479805 1299
1722959863622 0.17136159539222717 1349
1722959891206 0.009209110401570797 1399
1722959913714 0.01593770831823349 1449
1722959941192 0.007164659909904003 1499
1722959963430 0.009327397681772709 1549
