1723455544628 0 49
1723455568150 0 99
1723455584997 0 123
1723455599092 0 149
1723455622930 0 199
1723455650495 1 247
1723455652969 1 249
1723455676204 1 299
1723455699498 1 349
1723455714938 1 371
1723455729497 1 399
1723455752669 1 449
1723455778973 2 495
1723455782484 2 499
1723455805882 2 549
1723455829059 2 599
1723455843213 2 619
1723455858793 2 649
1723455881761 2 699
1723455907119 3 743
1723455910051 3 749
1723455933581 3 799
1723455956737 3 849
1723455969992 3 867
1723455984941 3 899
1723456008105 3 949
1723456032361 4 991
1723456037938 4 999
1723456062313 4 1049
1723456086528 4 1099
1723456099295 4 1115
1723456115686 4 1149
1723456139205 4 1199
1723456162902 5 1239
1723456167510 5 1249
1723456190859 5 1299
1723456214061 5 1349
1723456225590 5 1363
