1723455544628 0.6943827867507935 49
1723455568150 0.6847994923591614 99
1723455599092 0.5904852151870728 149
1723455622930 0.2921890318393707 199
1723455652969 0.39407992362976074 249
1723455676204 0.3305937349796295 299
1723455699498 0.8693996667861938 349
1723455729497 0.9537848830223083 399
1723455752669 0.5292739868164062 449
1723455782484 0.33517947793006897 499
1723455805882 0.44833672046661377 549
1723455829059 0.30425387620925903 599
1723455858793 0.08360263705253601 649
1723455881761 0.5311359167098999 699
1723455910051 0.07634268701076508 749
1723455933581 0.0871802493929863 799
1723455956737 0.09639902412891388 849
1723455984941 0.07892061769962311 899
1723456008105 0.4185488820075989 949
1723456037938 0.10566993802785873 999
1723456062313 0.07293616235256195 1049
1723456086528 0.034223202615976334 1099
1723456115686 0.11114603281021118 1149
1723456139205 0.08910034596920013 1199
1723456167510 0.028441324830055237 1249
1723456190859 0.027026694267988205 1299
1723456214061 0.019574662670493126 1349
