1722938707741 0 49
1722938730043 0 99
1722938745009 0 122
1722938758638 0 149
1722938780877 0 199
1722938806717 0 245
1722938810113 0 249
1722938832666 0 299
1722938855029 0 349
1722938868740 0 368
1722938882897 0 399
1722938905128 0 449
1722938928635 0 491
1722938932123 0 499
1722938954747 0 549
1722938977144 0 599
1722938988834 0 614
1722939004513 0 649
1722939026977 0 699
1722939048687 0 737
1722939054047 1 749
1722939077147 1 799
1722939099514 1 849
1722939109393 1 860
1722939127028 1 899
1722939149422 1 949
1722939169329 1 983
1722939176461 1 999
1722939198444 1 1049
1722939220450 1 1099
1722939228508 1 1106
1722939248128 1 1149
1722939270636 1 1199
1722939288947 1 1229
1722939298196 1 1249
1722939320973 1 1299
1722939343628 1 1349
1722939349899 1 1352
1722939371352 1 1399
1722939393870 1 1449
1722939410434 1 1475
