1722938707741 0.452817440032959 49
1722938730043 0.14712613821029663 99
1722938758638 0.1278105527162552 149
1722938780877 0.18500368297100067 199
1722938810113 0.21633532643318176 249
1722938832666 0.03169107064604759 299
1722938855029 0.18091817200183868 349
1722938882897 0.11096414923667908 399
1722938905128 0.20729131996631622 449
1722938932123 0.0764811635017395 499
1722938954747 0.031701914966106415 549
1722938977144 0.01126417238265276 599
1722939004513 0.011143866926431656 649
1722939026977 0.04302305355668068 699
1722939054047 0.011442078277468681 749
1722939077147 0.11487860977649689 799
1722939099514 0.06363639235496521 849
1722939127028 0.059042371809482574 899
1722939149422 0.01810324378311634 949
1722939176461 0.09648530185222626 999
1722939198444 0.007154298946261406 1049
1722939220450 0.1373687982559204 1099
1722939248128 0.04153725877404213 1149
1722939270636 0.009972299449145794 1199
1722939298196 0.1510106325149536 1249
1722939320973 0.006793434266000986 1299
1722939343628 0.004141095094382763 1349
1722939371352 0.006742015015333891 1399
1722939393870 0.08981386572122574 1449
