1724835878538 0 49
1724835900917 0 99
1724835916663 0 123
1724835929981 0 149
1724835952484 0 199
1724835979000 1 247
1724835981345 1 249
1724836003984 1 299
1724836026637 1 349
1724836041528 1 371
1724836055872 1 399
1724836078431 1 449
1724836104281 2 495
1724836107730 2 499
1724836130393 2 549
1724836153108 2 599
1724836167155 2 619
1724836182489 2 649
1724836205316 2 699
1724836230240 3 743
1724836232999 3 749
1724836255866 3 799
1724836278628 3 849
1724836291771 3 867
1724836308043 3 899
1724836330979 3 949
1724836355005 4 991
1724836358549 4 999
1724836381517 4 1049
1724836404460 4 1099
1724836416673 4 1115
