1724835878538 0.6705424189567566 49
1724835900917 0.6260499954223633 99
1724835929981 0.5749722719192505 149
1724835952484 0.26461297273635864 199
1724835981345 0.4375990927219391 249
1724836003984 0.26873689889907837 299
1724836026637 0.9008975028991699 349
1724836055872 0.6944943070411682 399
1724836078431 0.17235395312309265 449
1724836107730 0.08747662603855133 499
1724836130393 0.2786581218242645 549
1724836153108 0.18809786438941956 599
1724836182489 0.2947131395339966 649
1724836205316 0.5982018709182739 699
1724836232999 0.09781033545732498 749
1724836255866 0.01157424133270979 799
1724836278628 0.018257692456245422 849
1724836308043 0.02144494652748108 899
1724836330979 0.11767404526472092 949
1724836358549 0.04194021597504616 999
1724836381517 0.06757471710443497 1049
1724836404460 0.007312619127333164 1099
