1723042714599 0 49
1723042737076 0 99
1723042752284 0 122
1723042765990 0 149
1723042788136 0 199
1723042814040 0 245
1723042817378 0 249
1723042839930 0 299
1723042862457 0 349
1723042875859 0 368
1723042891351 0 399
1723042913817 0 449
1723042937826 0 491
1723042942922 1 499
1723042965457 1 549
1723042987969 1 599
1723043000620 1 614
1723043018853 1 649
1723043041361 1 699
1723043063457 1 737
1723043070493 1 749
1723043092978 1 799
1723043115478 1 849
1723043125277 1 860
1723043144469 1 899
1723043166894 1 949
1723043187626 1 983
1723043194688 2 999
1723043217225 2 1049
1723043239769 2 1099
1723043247759 2 1106
1723043268753 2 1149
1723043291303 2 1199
1723043309515 2 1229
1723043318554 2 1249
1723043341117 2 1299
1723043363389 2 1349
1723043369575 2 1352
1723043392236 2 1399
1723043414570 2 1449
1723043430999 2 1475
