1723042714599 0.6723029613494873 49
1723042737076 0.3179436922073364 99
1723042765990 0.46302133798599243 149
1723042788136 0.18028903007507324 199
1723042817378 0.31396445631980896 249
1723042839930 0.12933941185474396 299
1723042862457 0.25151678919792175 349
1723042891351 0.3250080347061157 399
1723042913817 0.35586392879486084 449
1723042942922 0.4041288495063782 499
1723042965457 0.10993192344903946 549
1723042987969 0.025973502546548843 599
1723043018853 0.06974513083696365 649
1723043041361 0.12882012128829956 699
1723043070493 0.026227809488773346 749
1723043092978 0.03585843741893768 799
1723043115478 0.016125816851854324 849
1723043144469 0.018214590847492218 899
1723043166894 0.019632993265986443 949
1723043194688 0.016058525070548058 999
1723043217225 0.24141660332679749 1049
1723043239769 0.026989465579390526 1099
1723043268753 0.01931018754839897 1149
1723043291303 0.026327043771743774 1199
1723043318554 0.009643610566854477 1249
1723043341117 0.029982484877109528 1299
1723043363389 0.03890938311815262 1349
1723043392236 0.024527741596102715 1399
1723043414570 0.032495904713869095 1449
