1724139776495 0 49
1724139798477 0 99
1724139813993 0 123
1724139827098 0 149
1724139849438 0 199
1724139875851 1 247
1724139878145 1 249
1724139900577 1 299
1724139923029 1 349
1724139937764 1 371
1724139951931 1 399
1724139974261 1 449
1724139999822 2 495
1724140003216 2 499
1724140025674 2 549
1724140048170 2 599
1724140062063 2 619
1724140077220 2 649
1724140099824 2 699
1724140124500 3 743
1724140128819 3 749
1724140151399 3 799
1724140173873 3 849
1724140186900 3 867
1724140201414 3 899
1724140224100 3 949
1724140247872 4 991
1724140251372 4 999
1724140274064 4 1049
1724140296761 4 1099
1724140308852 4 1115
