1724139776495 0.6952911615371704 49
1724139798477 0.6244965195655823 99
1724139827098 0.6462298631668091 149
1724139849438 0.24414736032485962 199
1724139878145 0.45893147587776184 249
1724139900577 0.19982513785362244 299
1724139923029 0.29834452271461487 349
1724139951931 0.690214991569519 399
1724139974261 0.1394580900669098 449
1724140003216 0.03564419969916344 499
1724140025674 0.22584043443202972 549
1724140048170 0.030158035457134247 599
1724140077220 0.016970595344901085 649
1724140099824 0.48437970876693726 699
1724140128819 0.13961316645145416 749
1724140151399 0.01247064396739006 799
1724140173873 0.09213846921920776 849
1724140201414 0.011319422163069248 899
1724140224100 0.04882536828517914 949
1724140251372 0.00798824243247509 999
1724140274064 0.007631635293364525 1049
1724140296761 0.006759707350283861 1099
