1723453393483 0 49
1723453415780 0 99
1723453431374 0 123
1723453444582 0 149
1723453467100 0 199
1723453493751 1 247
1723453496189 1 249
1723453519001 1 299
1723453542035 1 349
1723453557570 1 371
1723453572676 1 399
1723453596460 1 449
1723453622513 2 495
1723453626075 2 499
1723453648809 2 549
1723453671652 2 599
1723453685707 2 619
1723453701169 2 649
1723453724099 2 699
1723453748966 3 743
1723453753477 3 749
1723453776436 3 799
1723453799249 3 849
1723453812371 3 867
1723453827145 3 899
1723453849939 3 949
1723453874503 4 991
1723453878298 4 999
1723453901458 4 1049
1723453924385 4 1099
1723453936537 4 1115
