1723453393483 0.6816114187240601 49
1723453415780 0.5518125891685486 99
1723453444582 0.5205202102661133 149
1723453467100 0.14539167284965515 199
1723453496189 0.3866758644580841 249
1723453519001 0.31297338008880615 299
1723453542035 0.498119980096817 349
1723453572676 0.7871545553207397 399
1723453596460 0.1357530951499939 449
1723453626075 0.07214752584695816 499
1723453648809 0.048737458884716034 549
1723453671652 0.0487118624150753 599
1723453701169 0.016148312017321587 649
1723453724099 0.23427064716815948 699
1723453753477 0.06607132405042648 749
1723453776436 0.013851162977516651 799
1723453799249 0.015417760238051414 849
1723453827145 0.03370020538568497 899
1723453849939 0.6003502607345581 949
1723453878298 0.021877428516745567 999
1723453901458 0.006744368001818657 1049
1723453924385 0.006295907776802778 1099
