1725527717630 0 49
1725527755358 0 99
1725527785336 0 123
1725527805455 1 149
1725527844402 1 199
1725527892784 1 247
1725527895483 2 249
1725527932833 2 299
1725527970117 2 349
1725527999651 2 371
1725528028963 3 399
1725528080995 3 449
1725528139865 3 495
1725528145439 4 499
1725528194475 4 549
1725528245309 4 599
1725528278207 4 619
1725528310526 5 649
1725528361051 5 699
1725528419270 5 743
1725528427502 6 749
1725528479715 6 799
1725528531530 6 849
1725528561412 6 867
1725528597049 7 899
1725528647797 7 949
1725528701993 7 991
1725528711152 8 999
1725528760852 8 1049
1725528812970 8 1099
1725528842350 8 1115
1725528877970 9 1149
1725528944314 9 1199
1725528999266 9 1239
