1725527717630 0.5574592351913452 49
1725527755358 0.6794711351394653 99
1725527805455 0.6515146493911743 149
1725527844402 0.6434067487716675 199
1725527895483 0.5951220989227295 249
1725527932833 0.5815738439559937 299
1725527970117 0.8523116111755371 349
1725528028963 0.8788445591926575 399
1725528080995 0.8740113973617554 449
1725528145439 0.9631972312927246 499
1725528194475 1.1371207237243652 549
1725528245309 0.3021424412727356 599
1725528310526 0.17950496077537537 649
1725528361051 0.08021639287471771 699
1725528427502 0.10724720358848572 749
1725528479715 0.039358921349048615 799
1725528531530 0.024721287190914154 849
1725528597049 0.016459500417113304 899
1725528647797 0.02919142134487629 949
1725528711152 0.019338874146342278 999
1725528760852 0.011221823282539845 1049
1725528812970 0.0054876189678907394 1099
1725528877970 0.010807988233864307 1149
1725528944314 0.005755061283707619 1199
