1723040873869 0 49
1723040897795 0 99
1723040913975 0 122
1723040928322 0 149
1723040952056 0 199
1723040979491 0 245
1723040982745 1 249
1723041007076 1 299
1723041031161 1 349
1723041046262 1 368
1723041062904 1 399
1723041086880 1 449
1723041111937 1 491
1723041117293 2 499
1723041141171 2 549
1723041165206 2 599
1723041177520 2 614
1723041196155 2 649
1723041219954 2 699
1723041243306 2 737
1723041248958 3 749
1723041272967 3 799
1723041297113 3 849
1723041307538 3 860
1723041327944 3 899
1723041352102 3 949
1723041373489 3 983
1723041381067 4 999
1723041405032 4 1049
1723041429070 4 1099
1723041437581 4 1106
1723041458109 4 1149
1723041482127 4 1199
1723041501683 4 1229
