1723040873869 0.6847911477088928 49
1723040897795 0.6216834187507629 99
1723040928322 0.4019376337528229 149
1723040952056 0.46108612418174744 199
1723040982745 0.4210313856601715 249
1723041007076 0.4065988063812256 299
1723041031161 0.5517867803573608 349
1723041062904 0.09188812971115112 399
1723041086880 0.6366931796073914 449
1723041117293 0.2229267954826355 499
1723041141171 0.20782431960105896 549
1723041165206 0.02935563027858734 599
1723041196155 0.028361985459923744 649
1723041219954 0.30569180846214294 699
1723041248958 0.07536051422357559 749
1723041272967 0.07071894407272339 799
1723041297113 0.21476523578166962 849
1723041327944 0.47797688841819763 899
1723041352102 0.09745053201913834 949
1723041381067 0.03886749595403671 999
1723041405032 0.031666312366724014 1049
1723041429070 0.011932486668229103 1099
1723041458109 0.01121918298304081 1149
1723041482127 0.02307811938226223 1199
