1724145415398 0 49
1724145427778 0 99
1724145441025 0 149
1724145455879 0 199
1724145469679 0 249
1724145483909 0 299
1724145498216 0 349
1724145510293 0 399
1724145523552 0 449
1724145549296 0 493
1724145553286 1 499
1724145566345 1 549
1724145578778 1 599
1724145594022 1 649
1724145607349 1 699
1724145620709 1 749
1724145633782 1 799
1724145648890 1 849
1724145661110 1 899
1724145674897 1 949
1724145698634 1 987
1724145703846 2 999
1724145718352 2 1049
1724145730557 2 1099
1724145744544 2 1149
1724145759638 2 1199
1724145773243 2 1249
1724145785953 2 1299
1724145798395 2 1349
1724145812167 2 1399
1724145825297 2 1449
1724145847466 2 1481
1724145853461 3 1499
1724145867264 3 1549
1724145880729 3 1599
1724145894844 3 1649
1724145907949 3 1699
1724145922910 3 1749
1724145935980 3 1799
1724145950257 3 1849
1724145965105 3 1899
1724145976583 3 1949
1724145997168 3 1975
1724146004551 4 1999
1724146019572 4 2049
1724146034169 4 2099
1724146047935 4 2149
1724146061095 4 2199
1724146074878 4 2249
1724146087220 4 2299
1724146101014 4 2349
1724146114805 4 2399
1724146127874 4 2449
1724146147231 4 2469
1724146157282 5 2499
1724146171495 5 2549
1724146186783 5 2599
1724146199422 5 2649
1724146213723 5 2699
1724146225525 5 2749
1724146241186 5 2799
1724146254551 5 2849
1724146266569 5 2899
1724146280487 5 2949
1724146297271 5 2963
1724146308898 6 2999
1724146324044 6 3049
1724146337273 6 3099
1724146351155 6 3149
1724146364915 6 3199
1724146378503 6 3249
1724146391373 6 3299
1724146404891 6 3349
1724146417946 6 3399
1724146431824 6 3449
1724146446710 6 3457
1724146458086 7 3499
1724146471772 7 3549
1724146486199 7 3599
1724146499676 7 3649
1724146513775 7 3699
1724146527139 7 3749
1724146541578 7 3799
1724146553168 7 3849
1724146567264 7 3899
1724146581590 7 3949
1724146594666 7 3951
1724146609925 8 3999
1724146625161 8 4049
1724146637588 8 4099
1724146651235 8 4149
1724146665540 8 4199
1724146680583 8 4249
1724146693522 8 4299
1724146706883 8 4349
1724146719836 8 4399
1724146743929 8 4445
