1724145415398 0.6391137838363647 49
1724145427778 0.49819841980934143 99
1724145441025 0.5875388383865356 149
1724145455879 0.7275460958480835 199
1724145469679 0.3190822899341583 249
1724145483909 0.6660242080688477 299
1724145498216 0.812732458114624 349
1724145510293 0.7055732011795044 399
1724145523552 0.7623346447944641 449
1724145553286 0.47992491722106934 499
1724145566345 0.9157252311706543 549
1724145578778 0.2945583164691925 599
1724145594022 0.3495437502861023 649
1724145607349 0.3555780351161957 699
1724145620709 0.2766648530960083 749
1724145633782 0.7233511209487915 799
1724145648890 0.5144686698913574 849
1724145661110 0.3605180084705353 899
1724145674897 0.1735094040632248 949
1724145703846 0.22707323729991913 999
1724145718352 0.11983074247837067 1049
1724145730557 0.0717218667268753 1099
1724145744544 0.16048134863376617 1149
1724145759638 0.05414624512195587 1199
1724145773243 0.0954279899597168 1249
1724145785953 0.7528267502784729 1299
1724145798395 0.13272739946842194 1349
1724145812167 0.2170661985874176 1399
1724145825297 1.1053175926208496 1449
1724145853461 0.10217422246932983 1499
1724145867264 0.03984959423542023 1549
1724145880729 0.046364299952983856 1599
1724145894844 0.03724997490644455 1649
1724145907949 0.8841869831085205 1699
1724145922910 0.7330061793327332 1749
1724145935980 0.5162788033485413 1799
1724145950257 0.06734225898981094 1849
1724145965105 0.043393056839704514 1899
1724145976583 0.060587771236896515 1949
1724146004551 0.03467895835638046 1999
1724146019572 0.038116276264190674 2049
1724146034169 0.039440006017684937 2099
1724146047935 0.02067999728024006 2149
1724146061095 0.051739830523729324 2199
1724146074878 0.7150749564170837 2249
1724146087220 0.02353920042514801 2299
1724146101014 0.10363011062145233 2349
1724146114805 0.058488138020038605 2399
1724146127874 0.1464899480342865 2449
1724146157282 0.01281101442873478 2499
1724146171495 0.01851315051317215 2549
1724146186783 0.02488718181848526 2599
1724146199422 0.013608886860311031 2649
1724146213723 0.022044304758310318 2699
1724146225525 0.005522464867681265 2749
1724146241186 0.007642701268196106 2799
1724146254551 0.02374972403049469 2849
1724146266569 0.005161391571164131 2899
1724146280487 0.011169790290296078 2949
1724146308898 0.0034861480817198753 2999
1724146324044 0.005469043739140034 3049
1724146337273 0.013766605406999588 3099
1724146351155 0.012517733499407768 3149
1724146364915 0.015353561379015446 3199
1724146378503 0.01008741557598114 3249
1724146391373 2.8605034351348877 3299
1724146404891 0.018545564264059067 3349
1724146417946 0.01743454486131668 3399
1724146431824 0.03599947690963745 3449
1724146458086 0.02443341538310051 3499
1724146471772 0.013565221801400185 3549
1724146486199 0.0068701524287462234 3599
1724146499676 0.012315211817622185 3649
1724146513775 0.024615487083792686 3699
1724146527139 0.010957806371152401 3749
1724146541578 0.022268284112215042 3799
1724146553168 0.008303361013531685 3849
1724146567264 0.009834924712777138 3899
1724146581590 0.019956786185503006 3949
1724146609925 0.018926700577139854 3999
1724146625161 0.010753677226603031 4049
1724146637588 0.010028507560491562 4099
1724146651235 1.8205184936523438 4149
1724146665540 0.005208705551922321 4199
1724146680583 0.039007604122161865 4249
1724146693522 0.024044811725616455 4299
1724146706883 0.004612623248249292 4349
1724146719836 0.007440905086696148 4399
