1725973206068 0.6840864419937134 49
1725973281587 0.6096031665802002 99
1725973395001 0.485791951417923 149
1725973474470 0.15728479623794556 199
1725973593583 0.37153756618499756 249
1725973670026 0.1113140732049942 299
1725973750346 0.08879268914461136 349
1725973852639 0.048728689551353455 399
1725973929157 0.0194304920732975 449
1725974027401 0.04326718673110008 499
1725974102967 0.025569606572389603 549
1725974179180 0.03946564346551895 599
1725974276710 0.03026982955634594 649
1725974350216 0.015819093212485313 699
