1723450109399 0.6963152289390564 49
1723450131691 0.579068660736084 99
1723450160791 0.725146472454071 149
1723450183018 0.27833765745162964 199
1723450211609 0.603067934513092 249
1723450233579 0.20328520238399506 299
1723450255723 0.331798255443573 349
1723450284728 0.18515071272850037 399
1723450306669 0.16380318999290466 449
1723450336186 0.049805574119091034 499
1723450358877 0.03513956069946289 549
1723450381178 0.06745252013206482 599
1723450408622 0.009535910561680794 649
1723450431465 0.5267249941825867 699
