1721986678303 0.6700957417488098 49
1721986701034 0.3262743353843689 99
1721986730325 0.40103599429130554 149
1721986753208 0.09682318568229675 199
1721986782592 0.4006812870502472 249
1721986805612 0.13461697101593018 299
1721986828497 0.09056054055690765 349
1721986857804 0.033268507570028305 399
1721986880812 0.01754056289792061 449
1721986908674 0.020580677315592766 499
1721986932076 0.3825743496417999 549
1721986955595 0.014244620688259602 599
1721986984154 0.010043786838650703 649
1721987007692 0.006759563460946083 699
