1723032200848 0 49
1723032223359 0 99
1723032238614 0 122
1723032252357 0 149
1723032274747 0 199
1723032300324 0 245
1723032303803 0 249
1723032326406 0 299
1723032348971 0 349
1723032362426 0 368
1723032376336 0 399
1723032398868 0 449
1723032422655 0 491
1723032426298 0 499
1723032448783 0 549
1723032471390 0 599
1723032483025 0 614
1723032498530 1 649
1723032520901 1 699
1723032542941 1 737
1723032548379 1 749
1723032571031 1 799
1723032593615 1 849
1723032603293 1 860
1723032620884 1 899
1723032643521 1 949
1723032663747 1 983
1723032670997 1 999
1723032693666 1 1049
1723032716219 1 1099
1723032724255 1 1106
1723032743592 1 1149
1723032766249 1 1199
1723032784716 1 1229
1723032793594 2 1249
1723032816045 2 1299
1723032838654 2 1349
1723032844876 2 1352
1723032866179 2 1399
1723032888659 2 1449
1723032905294 2 1475
1723032916068 2 1499
1723032938257 2 1549
1723032965350 2 1598
