1723032200848 0.6940876841545105 49
1723032223359 0.5480830669403076 99
1723032252357 0.3828645944595337 149
1723032274747 0.20722626149654388 199
1723032303803 0.35836100578308105 249
1723032326406 0.5204545855522156 299
1723032348971 0.11547514796257019 349
1723032376336 0.5405159592628479 399
1723032398868 0.36050185561180115 449
1723032426298 0.03000958263874054 499
1723032448783 0.0695800632238388 549
1723032471390 0.03717723861336708 599
1723032498530 0.02179659716784954 649
1723032520901 0.45033517479896545 699
1723032548379 0.1431562453508377 749
1723032571031 0.022990984842181206 799
1723032593615 0.016571277752518654 849
1723032620884 0.029555730521678925 899
1723032643521 0.03206035494804382 949
1723032670997 0.0859084203839302 999
1723032693666 0.39401185512542725 1049
1723032716219 0.40061256289482117 1099
1723032743592 0.09830304235219955 1149
1723032766249 0.013887299224734306 1199
1723032793594 0.030190588906407356 1249
1723032816045 0.10453225672245026 1299
1723032838654 0.14917534589767456 1349
1723032866179 0.00801076740026474 1399
1723032888659 0.016561046242713928 1449
1723032916068 0.006585104390978813 1499
1723032938257 0.007521388586610556 1549
