1724920026140 0 49
1724920048824 0 99
1724920064524 0 123
1724920077968 1 149
1724920100646 1 199
1724920127083 1 247
1724920129684 2 249
1724920152580 2 299
1724920175261 2 349
1724920189839 2 371
1724920204283 3 399
1724920226972 3 449
1724920252338 3 495
1724920254361 4 499
1724920277100 4 549
1724920299842 4 599
1724920313565 4 619
1724920329019 5 649
1724920351779 5 699
1724920376434 5 743
1724920380970 6 749
1724920403717 6 799
1724920426498 6 849
1724920439332 6 867
1724920454100 7 899
1724920476903 7 949
1724920500700 7 991
