1724920026140 0.6794015169143677 49
1724920048824 0.6848174333572388 99
1724920077968 0.57805997133255 149
1724920100646 0.4073284864425659 199
1724920129684 0.2057480365037918 249
1724920152580 0.1659766286611557 299
1724920175261 0.2964743375778198 349
1724920204283 0.19801370799541473 399
1724920226972 0.15304893255233765 449
1724920254361 0.05522612854838371 499
1724920277100 0.03678722679615021 549
1724920299842 0.06903335452079773 599
1724920329019 0.24963530898094177 649
1724920351779 0.02661382593214512 699
1724920380970 0.02658279985189438 749
1724920403717 0.1923428773880005 799
1724920426498 0.018853742629289627 849
1724920454100 0.020469987764954567 899
1724920476903 0.015052199363708496 949
