1722950332633 0 49
1722950355072 0 99
1722950370322 0 122
1722950384409 0 149
1722950407163 0 199
1722950433141 0 245
1722950436669 0 249
1722950460099 0 299
1722950483184 0 349
1722950496883 0 368
1722950511108 1 399
1722950533724 1 449
1722950557750 1 491
1722950561326 1 499
1722950584809 1 549
1722950608412 1 599
1722950620186 1 614
1722950636151 1 649
1722950659504 1 699
1722950682499 1 737
1722950688086 2 749
1722950711714 2 799
1722950734578 2 849
1722950744543 2 860
1722950772296 2 899
1722950819323 2 949
1722950861677 2 983
