1722950332633 0.6810774207115173 49
1722950355072 0.6353767514228821 99
1722950384409 0.30331143736839294 149
1722950407163 0.19747957587242126 199
1722950436669 0.26497095823287964 249
1722950460099 0.1964873969554901 299
1722950483184 0.108376644551754 349
1722950511108 0.22210200130939484 399
1722950533724 0.4913579821586609 449
1722950561326 0.06143757328391075 499
1722950584809 0.05076399818062782 549
1722950608412 0.05244889482855797 599
1722950636151 0.032979145646095276 649
1722950659504 0.0657946839928627 699
1722950688086 0.045887935906648636 749
1722950711714 0.054976776242256165 799
1722950734578 0.03405793383717537 849
1722950772296 0.04441021755337715 899
1722950819323 0.49800851941108704 949
