1721989542465 0.6650492548942566 49
1721989565351 0.30744096636772156 99
1721989594703 0.3305453062057495 149
1721989618085 0.08374530076980591 199
1721989647571 0.39071598649024963 249
1721989670367 0.07574266195297241 299
1721989693517 0.12091366201639175 349
1721989723269 0.2583290934562683 399
1721989746396 0.02329021319746971 449
1721989774442 0.012997043319046497 499
1721989798135 0.010184530168771744 549
1721989821867 0.04177022725343704 599
1721989850108 0.005711507052183151 649
1721989872976 0.005368797108530998 699
