1725544083685 0 49
1725544123712 0 99
1725544153565 0 123
1725544174560 1 149
1725544214932 1 199
1725544266184 1 247
1725544268602 2 249
1725544308493 2 299
1725544346822 2 349
1725544377828 2 371
1725544407057 3 399
1725544464052 3 449
1725544522451 3 495
1725544529683 4 499
1725544583646 4 549
1725544636434 4 599
1725544669106 4 619
1725544701730 5 649
1725544756398 5 699
1725544814205 5 743
1725544821806 6 749
1725544873157 6 799
1725544926226 6 849
1725544959793 6 867
1725544994377 7 899
1725545046187 7 949
1725545106078 7 991
1725545115397 8 999
1725545165524 8 1049
1725545221988 8 1099
1725545252233 8 1115
1725545290710 9 1149
1725545343195 9 1199
1725545399025 9 1239
