1725544083685 0.5753340721130371 49
1725544123712 0.7759906053543091 99
1725544174560 0.6255806684494019 149
1725544214932 0.5310299396514893 199
1725544268602 0.5645241737365723 249
1725544308493 0.864692211151123 299
1725544346822 0.6374697685241699 349
1725544407057 0.5687932372093201 399
1725544464052 0.3832716643810272 449
1725544529683 0.12882190942764282 499
1725544583646 0.682428777217865 549
1725544636434 0.1776769906282425 599
1725544701730 1.2957998514175415 649
1725544756398 0.05415700376033783 699
1725544821806 0.025573480874300003 749
1725544873157 0.009614057838916779 799
1725544926226 0.017558006569743156 849
1725544994377 0.007716222666203976 899
1725545046187 0.005465245805680752 949
1725545115397 0.005206786096096039 999
1725545165524 0.0026516891084611416 1049
1725545221988 0.0034859736915677786 1099
1725545290710 0.00355774094350636 1149
1725545343195 0.002336330944672227 1199
