1725964871435 0.630900502204895 49
1725964947388 0.6086598634719849 99
1725965047475 0.48478662967681885 149
1725965128482 0.18885770440101624 199
1725965229432 0.7714353203773499 249
1725965310187 0.06686241179704666 299
1725965388134 0.07702582329511642 349
1725965494968 0.035954445600509644 399
1725965574439 0.16181008517742157 449
1725965674725 0.1563526690006256 499
1725965751682 0.034345924854278564 549
1725965831620 0.02502484992146492 599
1725965927649 0.019503751769661903 649
1725966002615 0.015737518668174744 699
