1722932079572 0 49
1722932102033 0 99
1722932117418 0 122
1722932130971 0 149
1722932153186 0 199
1722932178380 0 245
1722932181588 0 249
1722932203902 0 299
1722932226322 0 349
1722932239715 0 368
1722932255315 0 399
1722932277409 0 449
1722932300813 0 491
1722932305706 1 499
1722932327778 1 549
1722932349923 1 599
1722932361416 1 614
1722932378738 1 649
1722932400820 1 699
1722932422643 1 737
1722932429605 1 749
1722932452077 1 799
1722932474449 1 849
1722932484064 1 860
1722932502930 1 899
1722932525196 1 949
1722932545281 1 983
1722932552273 2 999
1722932574102 2 1049
1722932596560 2 1099
1722932604611 2 1106
1722932625499 2 1149
1722932647626 2 1199
1722932665741 2 1229
1722932676355 2 1249
1722932698406 2 1299
1722932720584 2 1349
1722932726825 2 1352
1722932747859 2 1399
1722932770387 2 1449
1722932786999 2 1475
