1722932079572 0.5687199234962463 49
1722932102033 0.42066338658332825 99
1722932130971 0.16227099299430847 149
1722932153186 0.12309572100639343 199
1722932181588 0.2159547656774521 249
1722932203902 0.13319271802902222 299
1722932226322 0.13433031737804413 349
1722932255315 0.32995250821113586 399
1722932277409 0.525365948677063 449
1722932305706 0.1340017020702362 499
1722932327778 0.06662998348474503 549
1722932349923 0.030105089768767357 599
1722932378738 0.09433656185865402 649
1722932400820 0.10479807108640671 699
1722932429605 0.01566486246883869 749
1722932452077 0.02361159399151802 799
1722932474449 0.011342437006533146 849
1722932502930 0.009393805637955666 899
1722932525196 0.016148027032613754 949
1722932552273 0.014068669639527798 999
1722932574102 0.1399460881948471 1049
1722932596560 0.009567894972860813 1099
1722932625499 0.01772785559296608 1149
1722932647626 0.0509931780397892 1199
1722932676355 0.005723787005990744 1249
1722932698406 0.04503866657614708 1299
1722932720584 0.012090520933270454 1349
1722932747859 0.028879038989543915 1399
1722932770387 0.05665578693151474 1449
