1724148202922 0 49
1724148215720 0 99
1724148226868 0 149
1724148241355 0 199
1724148256478 0 249
1724148269472 0 299
1724148284038 0 349
1724148295622 0 399
1724148309947 0 449
1724148334147 0 493
1724148337088 1 499
1724148351465 1 549
1724148365140 1 599
1724148378668 1 649
1724148390906 1 699
1724148404282 1 749
1724148417572 1 799
1724148430989 1 849
1724148444107 1 899
1724148459056 1 949
1724148481188 1 987
1724148487216 2 999
1724148499300 2 1049
1724148515212 2 1099
1724148528386 2 1149
1724148542107 2 1199
1724148555721 2 1249
1724148569604 2 1299
1724148581836 2 1349
1724148595564 2 1399
1724148607020 2 1449
1724148627971 2 1481
1724148633905 3 1499
1724148646586 3 1549
1724148661741 3 1599
1724148676639 3 1649
1724148689384 3 1699
1724148704824 3 1749
1724148718238 3 1799
1724148730872 3 1849
1724148742638 3 1899
1724148755453 3 1949
1724148774772 3 1975
1724148783830 4 1999
1724148797254 4 2049
1724148810337 4 2099
1724148823337 4 2149
1724148837385 4 2199
1724148851548 4 2249
1724148865532 4 2299
1724148878112 4 2349
1724148891633 4 2399
1724148905489 4 2449
1724148923115 4 2469
1724148931406 5 2499
1724148945652 5 2549
1724148958974 5 2599
1724148971792 5 2649
1724148984638 5 2699
1724148998540 5 2749
1724149012269 5 2799
1724149024823 5 2849
1724149038158 5 2899
1724149051282 5 2949
1724149068026 5 2963
1724149078495 6 2999
1724149091585 6 3049
1724149104743 6 3099
1724149118880 6 3149
1724149132430 6 3199
1724149145434 6 3249
1724149159204 6 3299
1724149171792 6 3349
1724149185548 6 3399
1724149199476 6 3449
1724149214103 6 3457
1724149225672 7 3499
1724149239424 7 3549
1724149251600 7 3599
1724149266746 7 3649
1724149279538 7 3699
1724149292557 7 3749
1724149307692 7 3799
1724149320706 7 3849
1724149334452 7 3899
1724149348075 7 3949
1724149360908 7 3951
