1724148202922 0.22076943516731262 49
1724148215720 0.8583554029464722 99
1724148226868 0.48309704661369324 149
1724148241355 0.7694795727729797 199
1724148256478 0.6637281179428101 249
1724148269472 0.6089248657226562 299
1724148284038 0.637173056602478 349
1724148295622 1.0257513523101807 399
1724148309947 0.9394096732139587 449
1724148337088 0.707573652267456 499
1724148351465 0.6702646017074585 549
1724148365140 0.7116436958312988 599
1724148378668 0.7324963808059692 649
1724148390906 0.5066925287246704 699
1724148404282 0.6583471298217773 749
1724148417572 0.6596421599388123 799
1724148430989 0.6681792736053467 849
1724148444107 0.8114194273948669 899
1724148459056 0.7379589080810547 949
1724148487216 0.6396243572235107 999
1724148499300 0.6010853052139282 1049
1724148515212 0.7505592107772827 1099
1724148528386 0.6895564794540405 1149
1724148542107 0.6894943714141846 1199
1724148555721 0.6696120500564575 1249
1724148569604 0.6800799369812012 1299
1724148581836 0.8144465684890747 1349
1724148595564 0.7254959344863892 1399
1724148607020 0.6810160875320435 1449
1724148633905 0.9366965293884277 1499
1724148646586 0.7262399196624756 1549
1724148661741 0.5541784167289734 1599
1724148676639 0.6847137212753296 1649
1724148689384 0.5760070085525513 1699
1724148704824 0.642867922782898 1749
1724148718238 0.7283671498298645 1799
1724148730872 0.6687324047088623 1849
1724148742638 0.6783266663551331 1899
1724148755453 0.756270170211792 1949
1724148783830 0.5682676434516907 1999
1724148797254 0.7960218191146851 2049
1724148810337 0.5998449325561523 2099
1724148823337 0.6679253578186035 2149
1724148837385 0.9627205729484558 2199
1724148851548 0.8177887201309204 2249
1724148865532 0.6938536167144775 2299
1724148878112 0.5832955837249756 2349
1724148891633 0.7506757974624634 2399
1724148905489 0.6339638233184814 2449
1724148931406 0.5739758014678955 2499
1724148945652 0.72812420129776 2549
1724148958974 0.7539858818054199 2599
1724148971792 0.6440171003341675 2649
1724148984638 0.7036707997322083 2699
1724148998540 0.6876040697097778 2749
1724149012269 0.6946845054626465 2799
1724149024823 0.6882039308547974 2849
1724149038158 0.6161981821060181 2899
1724149051282 0.6537771224975586 2949
1724149078495 0.7899407744407654 2999
1724149091585 0.9343886375427246 3049
1724149104743 0.7796789407730103 3099
1724149118880 0.794055700302124 3149
1724149132430 0.6906792521476746 3199
1724149145434 0.8395810127258301 3249
1724149159204 0.5880070924758911 3299
1724149171792 0.6972553730010986 3349
1724149185548 0.7256739735603333 3399
1724149199476 0.7156791687011719 3449
1724149225672 0.6648289561271667 3499
1724149239424 0.5517632365226746 3549
1724149251600 0.5490097999572754 3599
1724149266746 0.7228727340698242 3649
1724149279538 0.647844672203064 3699
1724149292557 0.7072762250900269 3749
1724149307692 0.6824257969856262 3799
1724149320706 0.6439048647880554 3849
1724149334452 0.7418848276138306 3899
1724149348075 0.5909690856933594 3949
