1722929679852 0 49
1722929702585 0 99
1722929718183 0 122
1722929731969 0 149
1722929754458 0 199
1722929780259 0 245
1722929783429 1 249
1722929806616 1 299
1722929829249 1 349
1722929842797 1 368
1722929858438 1 399
1722929881416 1 449
1722929905099 1 491
1722929910213 2 499
1722929932919 2 549
1722929955501 2 599
1722929968199 2 614
1722929986225 2 649
1722930008801 2 699
1722930031007 2 737
1722930036412 3 749
1722930059610 3 799
1722930082123 3 849
1722930092037 3 860
1722930111641 3 899
1722930134074 3 949
1722930154239 3 983
1722930162907 4 999
1722930185648 4 1049
1722930208093 4 1099
1722930216262 4 1106
1722930236013 4 1149
1722930258630 4 1199
1722930276998 4 1229
1722930285882 5 1249
1722930308098 5 1299
1722930331147 5 1349
1722930337635 5 1352
