1722929679852 0.5655415058135986 49
1722929702585 0.6028768420219421 99
1722929731969 0.45517706871032715 149
1722929754458 0.3086145520210266 199
1722929783429 0.5703539848327637 249
1722929806616 0.41414421796798706 299
1722929829249 0.2632782459259033 349
1722929858438 0.10384579002857208 399
1722929881416 0.34794455766677856 449
1722929910213 0.10431818664073944 499
1722929932919 0.15841731429100037 549
1722929955501 0.022018074989318848 599
1722929986225 0.087681345641613 649
1722930008801 0.34186044335365295 699
1722930036412 0.06282413750886917 749
1722930059610 0.08112655580043793 799
1722930082123 0.0226339902728796 849
1722930111641 0.03750456124544144 899
1722930134074 0.33702683448791504 949
1722930162907 0.1003536656498909 999
1722930185648 0.015518120490014553 1049
1722930208093 0.009274011477828026 1099
1722930236013 0.013805287890136242 1149
1722930258630 0.021510673686861992 1199
1722930285882 0.09787531942129135 1249
1722930308098 0.008980830200016499 1299
1722930331147 0.00656664976850152 1349
