1724151575750 0 49
1724151588659 0 99
1724151599892 0 149
1724151614477 0 199
1724151629694 0 249
1724151642763 0 299
1724151657399 0 349
1724151669002 0 399
1724151683346 0 449
1724151707612 0 493
1724151710593 1 499
1724151725006 1 549
1724151738714 1 599
1724151752273 1 649
1724151764535 1 699
1724151777939 1 749
1724151791252 1 799
1724151804688 1 849
1724151817811 1 899
1724151832734 1 949
1724151854848 1 987
1724151860877 2 999
1724151872940 2 1049
1724151888825 2 1099
1724151901969 2 1149
1724151915661 2 1199
1724151929274 2 1249
1724151943148 2 1299
1724151955376 2 1349
1724151969097 2 1399
1724151980544 2 1449
1724152001499 2 1481
1724152007443 3 1499
1724152020114 3 1549
1724152035252 3 1599
1724152050138 3 1649
1724152062858 3 1699
1724152078266 3 1749
1724152091651 3 1799
1724152104255 3 1849
1724152115991 3 1899
1724152128788 3 1949
1724152148092 3 1975
1724152157153 4 1999
1724152170567 4 2049
1724152183642 4 2099
1724152196630 4 2149
1724152210662 4 2199
1724152224829 4 2249
1724152238823 4 2299
1724152251418 4 2349
1724152264930 4 2399
1724152278765 4 2449
1724152296387 4 2469
1724152306258 5 2499
1724152320476 5 2549
1724152333783 5 2599
1724152346583 5 2649
1724152359410 5 2699
1724152373295 5 2749
1724152387007 5 2799
1724152399543 5 2849
1724152412859 5 2899
1724152425963 5 2949
1724152442698 5 2963
1724152453170 6 2999
1724152466240 6 3049
1724152479379 6 3099
1724152493496 6 3149
1724152507024 6 3199
1724152520010 6 3249
1724152533763 6 3299
1724152546331 6 3349
1724152560072 6 3399
1724152573980 6 3449
1724152588633 6 3457
1724152600208 7 3499
1724152613935 7 3549
1724152626093 7 3599
1724152641218 7 3649
1724152653993 7 3699
1724152666993 7 3749
1724152682103 7 3799
1724152695096 7 3849
1724152708820 7 3899
1724152722422 7 3949
1724152735259 7 3951
1724152747494 8 3999
1724152763043 8 4049
1724152775499 8 4099
1724152788529 8 4149
1724152801007 8 4199
1724152815331 8 4249
1724152830665 8 4299
1724152844002 8 4349
1724152857642 8 4399
1724152882818 8 4445
