1724151575750 0.3120180368423462 49
1724151588659 1.1121268272399902 99
1724151599892 0.27185410261154175 149
1724151614477 0.8350580930709839 199
1724151629694 0.6894798278808594 249
1724151642763 0.6377347707748413 299
1724151657399 0.761467456817627 349
1724151669002 0.7868114709854126 399
1724151683346 0.9581701755523682 449
1724151710593 0.7208154201507568 499
1724151725006 0.6955819129943848 549
1724151738714 0.7136549949645996 599
1724151752273 0.7350871562957764 649
1724151764535 0.6286422610282898 699
1724151777939 0.6579897403717041 749
1724151791252 0.6898326873779297 799
1724151804688 0.6647303104400635 849
1724151817811 0.7148259878158569 899
1724151832734 0.7291879653930664 949
1724151860877 0.6304681301116943 999
1724151872940 0.5954978466033936 1049
1724151888825 0.7990058064460754 1099
1724151901969 0.6824766397476196 1149
1724151915661 0.6649737358093262 1199
1724151929274 0.7803522348403931 1249
1724151943148 0.7701289653778076 1299
1724151955376 0.8230335712432861 1349
1724151969097 0.7238565683364868 1399
1724151980544 0.6022698879241943 1449
1724152007443 0.9638431072235107 1499
1724152020114 0.7782272100448608 1549
1724152035252 0.45750272274017334 1599
1724152050138 0.7637355923652649 1649
1724152062858 0.6509017944335938 1699
1724152078266 0.7413157224655151 1749
1724152091651 0.7147045135498047 1799
1724152104255 0.7076873779296875 1849
1724152115991 0.6035943031311035 1899
1724152128788 0.7323595881462097 1949
1724152157153 0.5681761503219604 1999
1724152170567 0.8234907984733582 2049
1724152183642 0.6297653913497925 2099
1724152196630 0.7218819856643677 2149
1724152210662 0.7402384281158447 2199
1724152224829 0.817362904548645 2249
1724152238823 0.6679015159606934 2299
1724152251418 0.6451898813247681 2349
1724152264930 0.6616390943527222 2399
1724152278765 0.581549882888794 2449
1724152306258 0.6040233373641968 2499
1724152320476 0.7001603841781616 2549
1724152333783 0.7154008150100708 2599
1724152346583 0.6706648468971252 2649
1724152359410 0.7422540187835693 2699
1724152373295 0.7614085674285889 2749
1724152387007 0.7014366984367371 2799
1724152399543 0.6313744783401489 2849
1724152412859 0.607670783996582 2899
1724152425963 0.673052191734314 2949
1724152453170 0.8009586334228516 2999
1724152466240 0.9060460925102234 3049
1724152479379 0.6704005002975464 3099
1724152493496 0.7032953500747681 3149
1724152507024 0.6517095565795898 3199
1724152520010 0.8921315670013428 3249
1724152533763 0.6037411093711853 3299
1724152546331 0.7383184432983398 3349
1724152560072 0.7695652842521667 3399
1724152573980 0.6653298735618591 3449
1724152600208 0.659372091293335 3499
1724152613935 0.5938442945480347 3549
1724152626093 0.49771422147750854 3599
1724152641218 0.7773460745811462 3649
1724152653993 0.6811230778694153 3699
1724152666993 0.7295569181442261 3749
1724152682103 0.6778726577758789 3799
1724152695096 0.6279823780059814 3849
1724152708820 0.7200994491577148 3899
1724152722422 0.6397373676300049 3949
1724152747494 0.7204384803771973 3999
1724152763043 0.6756868362426758 4049
1724152775499 0.6502290964126587 4099
1724152788529 0.7713251113891602 4149
1724152801007 0.6392825245857239 4199
1724152815331 0.7343078255653381 4249
1724152830665 0.6471744775772095 4299
1724152844002 0.5347391366958618 4349
1724152857642 0.9275379776954651 4399
