1723553526766 0 49
1723553549117 0 99
1723553564896 0 123
1723553578198 0 149
1723553600745 0 199
1723553626900 1 247
1723553629193 1 249
1723553651931 1 299
1723553675248 1 349
1723553690383 1 371
1723553704801 1 399
1723553727686 1 449
1723553753473 2 495
1723553756962 2 499
1723553779483 2 549
1723553801849 2 599
1723553815718 2 619
1723553830945 2 649
1723553853600 2 699
1723553878273 3 743
1723553881000 3 749
1723553903523 3 799
1723553925685 3 849
1723553938591 3 867
1723553953089 3 899
1723553975473 3 949
1723553999015 4 991
