1723553526766 0.6991194486618042 49
1723553549117 0.701331377029419 99
1723553578198 0.6714943647384644 149
1723553600745 0.6056132316589355 199
1723553629193 0.531242847442627 249
1723553651931 0.4927930533885956 299
1723553675248 0.6050711274147034 349
1723553704801 0.4133278429508209 399
1723553727686 0.4409611225128174 449
1723553756962 0.2517925798892975 499
1723553779483 0.26436758041381836 549
1723553801849 0.22035318613052368 599
1723553830945 0.11192505061626434 649
1723553853600 0.630291223526001 699
1723553881000 0.08146438747644424 749
1723553903523 0.05631662905216217 799
1723553925685 0.07021535187959671 849
1723553953089 0.07624752074480057 899
1723553975473 0.04289504513144493 949
