1724152902175 0.08748461306095123 49
1724152915298 0.9846144318580627 99
1724152926663 0.39538970589637756 149
1724152941365 0.8586467504501343 199
1724152956675 0.6505926847457886 249
1724152969809 0.6456974744796753 299
1724152984510 0.7023321390151978 349
1724152996157 0.7983120679855347 399
1724153010554 0.9131561517715454 449
1724153037897 0.720550000667572 499
1724153052352 0.7430854439735413 549
1724153066097 0.7087609767913818 599
1724153079689 0.7435035705566406 649
1724153091984 0.6272630095481873 699
1724153105416 0.6478533744812012 749
1724153118755 0.6719300150871277 799
1724153132218 0.6837249994277954 849
1724153145369 0.7012003660202026 899
1724153160367 0.7455079555511475 949
1724153188649 0.6274018287658691 999
