1722947342546 0 49
1722947366377 0 99
1722947382498 0 122
1722947396873 0 149
1722947420588 0 199
1722947447854 0 245
1722947451346 0 249
1722947475066 0 299
1722947498651 0 349
1722947512531 0 368
1722947527331 0 399
1722947551035 1 449
1722947575831 1 491
1722947579740 1 499
1722947603637 1 549
1722947627315 1 599
1722947639515 1 614
1722947656037 1 649
1722947679698 1 699
1722947702797 1 737
1722947708464 1 749
1722947732078 1 799
1722947755536 1 849
1722947765932 1 860
1722947784478 2 899
1722947808133 2 949
1722947829723 2 983
1722947837261 2 999
1722947860861 2 1049
1722947884484 2 1099
1722947892944 2 1106
1722947913628 2 1149
1722947937304 2 1199
1722947956326 2 1229
1722947966045 2 1249
1722947989444 2 1299
1722948013091 3 1349
1722948019677 3 1352
