1722947342546 0.47721314430236816 49
1722947366377 0.4677981436252594 99
1722947396873 0.1599918007850647 149
1722947420588 0.1398521363735199 199
1722947451346 0.4521096348762512 249
1722947475066 0.19828256964683533 299
1722947498651 0.10781919211149216 349
1722947527331 0.06907878071069717 399
1722947551035 0.2054576724767685 449
1722947579740 0.30458706617355347 499
1722947603637 0.25832653045654297 549
1722947627315 0.2513553500175476 599
1722947656037 0.01353195495903492 649
1722947679698 0.03605511412024498 699
1722947708464 0.054647333920001984 749
1722947732078 0.1045328825712204 799
1722947755536 0.1134212538599968 849
1722947784478 0.029418189078569412 899
1722947808133 0.06736943870782852 949
1722947837261 0.014831971377134323 999
1722947860861 0.01782085932791233 1049
1722947884484 0.291060209274292 1099
1722947913628 0.035033516585826874 1149
1722947937304 0.04087065905332565 1199
1722947966045 0.006480051204562187 1249
1722947989444 0.13184340298175812 1299
1722948013091 0.11872221529483795 1349
