1723030309051 0 49
1723030332975 0 99
1723030349182 0 122
1723030363753 0 149
1723030387875 0 199
1723030415165 0 245
1723030418636 0 249
1723030442740 0 299
1723030466745 0 349
1723030481029 0 368
1723030495697 1 399
1723030519564 1 449
1723030544942 1 491
1723030548736 1 499
1723030572819 1 549
1723030596861 1 599
1723030609260 1 614
1723030625347 1 649
1723030647947 1 699
1723030669991 1 737
1723030675204 2 749
1723030697751 2 799
1723030720343 2 849
1723030730178 2 860
1723030747743 2 899
1723030770251 2 949
1723030790514 2 983
