1723030309051 0.676589846611023 49
1723030332975 0.5000091791152954 99
1723030363753 0.2814507782459259 149
1723030387875 0.2327883243560791 199
1723030418636 0.34121620655059814 249
1723030442740 0.24358969926834106 299
1723030466745 0.11822105199098587 349
1723030495697 0.27888986468315125 399
1723030519564 0.46464693546295166 449
1723030548736 0.06612763553857803 499
1723030572819 0.060336917638778687 549
1723030596861 0.04099743813276291 599
1723030625347 0.029083291068673134 649
1723030647947 0.043659552931785583 699
1723030675204 0.05564727261662483 749
1723030697751 0.05037494748830795 799
1723030720343 0.03565042093396187 849
1723030747743 0.02461765892803669 899
1723030770251 0.5135918259620667 949
