1725369324033 0 49
1725369340996 0 99
1725369354341 0 123
1725369364225 0 149
1725369381608 0 199
1725369403349 1 247
1725369404873 1 249
1725369422251 1 299
1725369439616 1 349
1725369452387 1 371
1725369463076 1 399
1725369480317 1 449
1725369501714 2 495
1725369505227 2 499
1725369529044 2 549
1725369552883 2 599
1725369567597 2 619
1725369583568 2 649
1725369607510 2 699
1725369633622 3 743
1725369638178 3 749
1725369662079 3 799
1725369685863 3 849
1725369699633 3 867
1725369716646 3 899
1725369740641 3 949
1725369765809 4 991
1725369769603 4 999
1725369793674 4 1049
1725369817673 4 1099
1725369830457 4 1115
1725369848483 4 1149
1725369872432 4 1199
1725369896907 5 1239
