1725369324033 0.7018030285835266 49
1725369340996 0.709449291229248 99
1725369364225 0.6822407245635986 149
1725369381608 0.6684360504150391 199
1725369404873 0.6631993055343628 249
1725369422251 0.6971415281295776 299
1725369439616 0.6864994168281555 349
1725369463076 0.6961081624031067 399
1725369480317 0.6679112911224365 449
1725369505227 0.5267953276634216 499
1725369529044 0.45934221148490906 549
1725369552883 0.2613847851753235 599
1725369583568 0.2698971629142761 649
1725369607510 0.4987103343009949 699
1725369638178 0.2289682924747467 749
1725369662079 0.1247258111834526 799
1725369685863 0.02129344828426838 849
1725369716646 0.04052019864320755 899
1725369740641 0.057857248932123184 949
1725369769603 0.015605108812451363 999
1725369793674 0.0033189579844474792 1049
1725369817673 0.004190439824014902 1099
1725369848483 0.0077585079707205296 1149
1725369872432 0.0028184857219457626 1199
