1723458402266 0 49
1723458424989 0 99
1723458440954 0 123
1723458454439 0 149
1723458477926 0 199
1723458504838 1 247
1723458507282 1 249
1723458530228 1 299
1723458553088 1 349
1723458568012 1 371
1723458582600 1 399
1723458605505 1 449
1723458631545 2 495
1723458635074 2 499
1723458658629 2 549
1723458681565 2 599
1723458695765 2 619
1723458711239 2 649
1723458734164 2 699
1723458759201 3 743
1723458762030 3 749
1723458785120 3 799
1723458808119 3 849
1723458821316 3 867
1723458836229 3 899
1723458859168 3 949
1723458883293 4 991
1723458888702 4 999
1723458911719 4 1049
1723458934811 4 1099
1723458947190 4 1115
1723458964627 4 1149
1723458987658 4 1199
1723459011187 5 1239
1723459015946 5 1249
1723459039113 5 1299
1723459062176 5 1349
1723459073449 5 1363
