1723458402266 0.6942402720451355 49
1723458424989 0.6849126219749451 99
1723458454439 0.6108142733573914 149
1723458477926 0.29106712341308594 199
1723458507282 0.3727670907974243 249
1723458530228 0.30916762351989746 299
1723458553088 0.9686157703399658 349
1723458582600 0.999462366104126 399
1723458605505 0.5359777212142944 449
1723458635074 0.30750855803489685 499
1723458658629 0.45400121808052063 549
1723458681565 0.4456024765968323 599
1723458711239 0.08636470139026642 649
1723458734164 0.5713845491409302 699
1723458762030 0.06931765377521515 749
1723458785120 0.10557899624109268 799
1723458808119 0.06550538539886475 849
1723458836229 0.06347036361694336 899
1723458859168 0.4115900993347168 949
1723458888702 0.06723948568105698 999
1723458911719 0.03209316357970238 1049
1723458934811 0.031886257231235504 1099
1723458964627 0.12135259807109833 1149
1723458987658 0.3613464832305908 1199
1723459015946 0.027004867792129517 1249
1723459039113 0.0591980516910553 1299
1723459062176 0.030075877904891968 1349
