1724154594995 0 49
1724154605067 0 99
1724154614257 0 149
1724154623699 0 199
1724154633797 0 249
1724154642958 0 299
1724154652379 0 349
1724154661944 0 399
1724154672008 0 449
1724154692195 0 493
1724154694865 1 499
1724154704312 1 549
1724154713447 1 599
1724154724804 1 649
1724154733856 1 699
1724154744004 1 749
1724154753532 1 799
1724154762655 1 849
1724154772579 1 899
1724154782919 1 949
1724154802349 1 987
1724154806176 2 999
1724154815719 2 1049
1724154825559 2 1099
1724154834470 2 1149
1724154844634 2 1199
1724154854162 2 1249
1724154862834 2 1299
1724154874181 2 1349
1724154883178 2 1399
1724154893523 2 1449
1724154912307 2 1481
1724154919067 3 1499
1724154932272 3 1549
1724154944745 3 1599
1724154959221 3 1649
1724154971951 3 1699
1724154986591 3 1749
1724155000750 3 1799
1724155015344 3 1849
1724155028583 3 1899
1724155041330 3 1949
1724155060872 3 1975
1724155068928 4 1999
1724155082495 4 2049
1724155094998 4 2099
1724155107958 4 2149
1724155122010 4 2199
1724155135868 4 2249
1724155148921 4 2299
1724155163502 4 2349
1724155177120 4 2399
1724155191736 4 2449
1724155209083 4 2469
1724155218661 5 2499
1724155231717 5 2549
1724155246002 5 2599
1724155258792 5 2649
1724155272436 5 2699
1724155286887 5 2749
1724155299516 5 2799
1724155313816 5 2849
1724155327154 5 2899
1724155341445 5 2949
1724155358221 5 2963
1724155370310 6 2999
1724155384164 6 3049
1724155398333 6 3099
1724155411397 6 3149
1724155425121 6 3199
1724155440059 6 3249
1724155453708 6 3299
1724155466511 6 3349
1724155480321 6 3399
1724155492833 6 3449
1724155507565 6 3457
1724155520702 7 3499
1724155534037 7 3549
1724155549084 7 3599
1724155562575 7 3649
1724155575792 7 3699
1724155588952 7 3749
1724155603293 7 3799
1724155616330 7 3849
1724155628907 7 3899
1724155642578 7 3949
1724155655503 7 3951
1724155671357 8 3999
1724155685139 8 4049
1724155697411 8 4099
1724155710697 8 4149
1724155724834 8 4199
1724155737692 8 4249
1724155751973 8 4299
1724155765317 8 4349
1724155779818 8 4399
1724155805030 8 4445
1724155806060 9 4449
1724155820422 9 4499
1724155832943 9 4549
1724155846671 9 4599
1724155859194 9 4649
1724155874598 9 4699
1724155888479 9 4749
1724155901534 9 4799
1724155915950 9 4849
1724155929536 9 4899
1724155952919 9 4939
1724155955776 10 4949
1724155970062 10 4999
1724155983509 10 5049
1724155998238 10 5099
1724156012102 10 5149
1724156025882 10 5199
1724156038513 10 5249
1724156051329 10 5299
1724156065918 10 5349
1724156079044 10 5399
1724156100689 10 5433
