1724154594995 0.756933331489563 49
1724154605067 0.6758967638015747 99
1724154614257 0.7364825010299683 149
1724154623699 0.5102441906929016 199
1724154633797 0.7670906782150269 249
1724154642958 0.8863406777381897 299
1724154652379 0.5657061338424683 349
1724154661944 0.6236371397972107 399
1724154672008 0.5976489186286926 449
1724154694865 0.6886580586433411 499
1724154704312 0.5792108774185181 549
1724154713447 0.7057700753211975 599
1724154724804 0.6483608484268188 649
1724154733856 0.7666287422180176 699
1724154744004 0.6320095062255859 749
1724154753532 0.6512011885643005 799
1724154762655 0.8089991807937622 849
1724154772579 0.640802264213562 899
1724154782919 0.7277218699455261 949
1724154806176 0.4837239384651184 999
1724154815719 0.4970369040966034 1049
1724154825559 0.7021440267562866 1099
1724154834470 0.5504888892173767 1149
1724154844634 0.7034343481063843 1199
1724154854162 0.8352870345115662 1249
1724154862834 0.5616067051887512 1299
1724154874181 0.4267735779285431 1349
1724154883178 0.702499270439148 1399
1724154893523 0.7667707800865173 1449
1724154919067 0.5192186832427979 1499
1724154932272 0.698810338973999 1549
1724154944745 0.3711739182472229 1599
1724154959221 0.4100780487060547 1649
1724154971951 0.4788936376571655 1699
1724154986591 0.1481640636920929 1749
1724155000750 0.4549865126609802 1799
1724155015344 0.4451833665370941 1849
1724155028583 0.11198978126049042 1899
1724155041330 0.41440147161483765 1949
1724155068928 0.4680441617965698 1999
1724155082495 0.14194974303245544 2049
1724155094998 0.054990872740745544 2099
1724155107958 0.11941619217395782 2149
1724155122010 0.03622021898627281 2199
1724155135868 0.9082370400428772 2249
1724155148921 0.06710761785507202 2299
1724155163502 0.15197625756263733 2349
1724155177120 0.12781643867492676 2399
1724155191736 0.02784554474055767 2449
1724155218661 0.07719177007675171 2499
1724155231717 0.04150833189487457 2549
1724155246002 0.025032948702573776 2599
1724155258792 0.01095026358962059 2649
1724155272436 0.1661481261253357 2699
1724155286887 0.011149135418236256 2749
1724155299516 0.06340152770280838 2799
1724155313816 0.037866294384002686 2849
1724155327154 1.0292928218841553 2899
1724155341445 0.03691358491778374 2949
1724155370310 0.019652705639600754 2999
1724155384164 0.012411568313837051 3049
1724155398333 0.015278298407793045 3099
1724155411397 0.10463427007198334 3149
1724155425121 0.08202692866325378 3199
1724155440059 0.034463487565517426 3249
1724155453708 0.01293996348977089 3299
1724155466511 0.1521998643875122 3349
1724155480321 0.02038605883717537 3399
1724155492833 0.011542490683495998 3449
1724155520702 0.012786928564310074 3499
1724155534037 0.006166050210595131 3549
1724155549084 0.008175956085324287 3599
1724155562575 0.01396968960762024 3649
1724155575792 0.005395199172198772 3699
1724155588952 0.008986782282590866 3749
1724155603293 0.013670501299202442 3799
1724155616330 0.02886023372411728 3849
1724155628907 0.004524422809481621 3899
1724155642578 0.00401646364480257 3949
1724155671357 0.013491709716618061 3999
1724155685139 0.0030708182603120804 4049
1724155697411 0.0025607601273804903 4099
1724155710697 0.0046248659491539 4149
1724155724834 0.00350996945053339 4199
1724155737692 0.004764151759445667 4249
1724155751973 0.00298239104449749 4299
1724155765317 0.0025217493530362844 4349
1724155779818 0.002369038760662079 4399
1724155806060 0.002748606726527214 4449
1724155820422 0.002316941972821951 4499
1724155832943 0.003102172864601016 4549
1724155846671 0.002846736228093505 4599
1724155859194 0.002867512870579958 4649
1724155874598 0.002064657863229513 4699
1724155888479 0.002856878098100424 4749
1724155901534 0.002481243573129177 4799
1724155915950 0.0019048770191147923 4849
1724155929536 0.0037233647890388966 4899
1724155955776 0.008849230594933033 4949
1724155970062 0.0053263939917087555 4999
1724155983509 0.0055396584793925285 5049
1724155998238 0.00830842275172472 5099
1724156012102 0.3089783787727356 5149
1724156025882 0.007180043030530214 5199
1724156038513 0.0033828308805823326 5249
1724156051329 0.004029364325106144 5299
1724156065918 0.0025042954366654158 5349
1724156079044 0.0128019442781806 5399
