1722954715729 0 49
1722954738195 0 99
1722954753436 0 122
1722954767339 0 149
1722954789772 0 199
1722954815395 0 245
1722954818821 0 249
1722954841582 0 299
1722954864078 0 349
1722954877571 0 368
1722954891642 0 399
1722954914188 0 449
1722954938153 0 491
1722954941641 1 499
1722954964294 1 549
1722954986973 1 599
1722954998736 1 614
1722955014630 1 649
1722955037375 1 699
1722955059322 1 737
1722955064755 1 749
1722955087389 1 799
1722955110028 1 849
1722955120050 1 860
1722955137842 1 899
1722955160396 1 949
1722955180601 1 983
1722955187846 2 999
1722955210535 2 1049
1722955233368 2 1099
1722955241471 2 1106
1722955261219 2 1149
1722955284029 2 1199
1722955302378 2 1229
1722955311549 2 1249
1722955334411 2 1299
1722955357364 2 1349
1722955363604 2 1352
1722955385002 2 1399
1722955407466 2 1449
1722955423989 2 1475
1722955434864 3 1499
1722955457621 3 1549
1722955484365 3 1598
1722955484833 3 1599
1722955507548 3 1649
1722955530101 3 1699
1722955544939 3 1721
1722955557973 3 1749
1722955580853 3 1799
1722955606021 3 1844
1722955608341 3 1849
1722955631136 3 1899
1722955653876 3 1949
1722955666948 3 1967
1722955681581 4 1999
1722955704232 4 2049
1722955727520 4 2090
1722955731760 4 2099
1722955754826 4 2149
1722955777577 4 2199
1722955789061 4 2213
1722955805837 4 2249
1722955828528 4 2299
1722955850204 4 2336
1722955856267 4 2349
1722955878886 4 2399
1722955901680 4 2449
1722955911114 4 2459
1722955929373 5 2499
1722955952418 5 2549
1722955972676 5 2582
