1722954715729 0.6838082075119019 49
1722954738195 0.6872766613960266 99
1722954767339 0.6953242421150208 149
1722954789772 0.676585853099823 199
1722954818821 0.638292670249939 249
1722954841582 0.5158165693283081 299
1722954864078 0.4410863518714905 349
1722954891642 0.40634840726852417 399
1722954914188 0.459804892539978 449
1722954941641 0.5096039175987244 499
1722954964294 0.21393916010856628 549
1722954986973 0.10529093444347382 599
1722955014630 0.16814345121383667 649
1722955037375 0.2888002097606659 699
1722955064755 0.10919226706027985 749
1722955087389 0.24074718356132507 799
1722955110028 0.17928257584571838 849
1722955137842 0.09728556871414185 899
1722955160396 0.07221005856990814 949
1722955187846 0.07210788875818253 999
1722955210535 0.3548640012741089 1049
1722955233368 0.08512628823518753 1099
1722955261219 0.1482042372226715 1149
1722955284029 0.1173892691731453 1199
1722955311549 0.04338564723730087 1249
1722955334411 0.06623124331235886 1299
1722955357364 0.5361514091491699 1349
1722955385002 0.07619275152683258 1399
1722955407466 0.13413211703300476 1449
1722955434864 0.0466926172375679 1499
1722955457621 0.0420336090028286 1549
1722955484833 0.0660058856010437 1599
1722955507548 0.3545852601528168 1649
1722955530101 0.174501433968544 1699
1722955557973 0.28811484575271606 1749
1722955580853 0.05207112058997154 1799
1722955608341 0.04952756687998772 1849
1722955631136 0.45953822135925293 1899
1722955653876 0.08105635643005371 1949
1722955681581 0.1242755874991417 1999
1722955704232 0.05935630947351456 2049
1722955731760 0.21332816779613495 2099
1722955754826 0.1500507891178131 2149
1722955777577 0.02148553729057312 2199
1722955805837 0.02960929647088051 2249
1722955828528 0.13788500428199768 2299
1722955856267 0.07010950148105621 2349
1722955878886 0.018043212592601776 2399
1722955901680 0.20667286217212677 2449
1722955929373 0.03202233836054802 2499
1722955952418 0.0392625667154789 2549
