1723552408324 0 49
1723552430872 0 99
1723552446580 0 123
1723552459890 0 149
1723552482484 1 199
1723552509162 1 247
1723552511607 1 249
1723552534636 1 299
1723552557174 2 349
1723552572090 2 371
1723552586556 2 399
1723552609440 2 449
1723552635392 2 495
1723552639286 2 499
1723552686333 3 549
1723552733743 3 599
1723552762884 3 619
1723552791438 3 649
1723552838655 4 699
1723552890503 4 743
1723552896261 4 749
1723552943459 4 799
1723552990675 4 849
1723553017799 4 867
1723553049321 5 899
1723553096607 5 949
1723553146412 5 991
1723553155704 5 999
1723553202612 6 1049
1723553249899 6 1099
1723553275282 6 1115
1723553303413 6 1149
1723553326310 6 1199
1723553349477 7 1239
1723553354098 7 1249
1723553377124 7 1299
1723553400215 7 1349
1723553411792 7 1363
