1723552408324 0.6889020800590515 49
1723552430872 0.6524492502212524 99
1723552459890 0.4833933413028717 149
1723552482484 0.23151619732379913 199
1723552511607 0.1800455003976822 249
1723552534636 0.3913125693798065 299
1723552557174 0.3026523292064667 349
1723552586556 0.40089914202690125 399
1723552609440 0.09827330708503723 449
1723552639286 0.28627049922943115 499
1723552686333 0.16168104112148285 549
1723552733743 0.03432716056704521 599
1723552791438 0.14509472250938416 649
1723552838655 0.06339270621538162 699
1723552896261 0.05606594309210777 749
1723552943459 0.054994288831949234 799
1723552990675 0.030330108478665352 849
1723553049321 0.029068900272250175 899
1723553096607 0.026685116812586784 949
1723553155704 0.20684881508350372 999
1723553202612 0.28944751620292664 1049
1723553249899 0.027234865352511406 1099
1723553303413 0.029096154496073723 1149
1723553326310 0.43050381541252136 1199
1723553354098 0.034660808742046356 1249
1723553377124 0.23057781159877777 1299
1723553400215 0.027809998020529747 1349
