1721989036174 0.6595122814178467 49
1721989058924 0.3448061943054199 99
1721989088791 0.3731909692287445 149
1721989111468 0.2380080223083496 199
1721989140718 0.2517513036727905 249
1721989163941 0.05565387010574341 299
1721989188483 0.10955207049846649 349
1721989219583 0.019836945459246635 399
1721989243414 0.016908003017306328 449
1721989272844 0.01913589797914028 499
1721989295737 0.007888928055763245 549
1721989319066 0.1609024703502655 599
1721989348646 0.01830063946545124 649
1721989372031 0.005541158840060234 699
1721989400120 0.010504817590117455 749
1721989423309 0.005301081109791994 799
1721989446314 0.004055114928632975 849
