1723477243336 0 49
1723477266187 0 99
1723477281933 0 123
1723477295491 1 149
1723477318353 1 199
1723477344952 1 247
1723477347538 2 249
1723477370386 2 299
1723477393308 2 349
1723477408000 2 371
1723477422543 3 399
1723477445417 3 449
1723477470960 3 495
1723477473001 4 499
1723477495881 4 549
1723477518753 4 599
1723477532524 4 619
1723477548025 5 649
1723477570885 5 699
1723477595627 5 743
1723477600150 6 749
1723477622977 6 799
1723477645836 6 849
1723477658695 6 867
1723477673503 7 899
1723477696366 7 949
1723477720207 7 991
1723477724063 8 999
1723477746811 8 1049
1723477769665 8 1099
1723477781605 8 1115
