1723477243336 0.6781874895095825 49
1723477266187 0.6806778907775879 99
1723477295491 0.5091938376426697 149
1723477318353 0.3673984408378601 199
1723477347538 0.20542900264263153 249
1723477370386 0.18268872797489166 299
1723477393308 0.36971449851989746 349
1723477422543 0.1920056939125061 399
1723477445417 0.1563345193862915 449
1723477473001 0.05536472052335739 499
1723477495881 0.034047387540340424 549
1723477518753 0.05349039286375046 599
1723477548025 0.4672521948814392 649
1723477570885 0.024463441222906113 699
1723477600150 0.028690334409475327 749
1723477622977 0.036613378673791885 799
1723477645836 0.017849795520305634 849
1723477673503 0.018297603353857994 899
1723477696366 0.013770133256912231 949
1723477724063 0.01668894663453102 999
1723477746811 0.01611299067735672 1049
1723477769665 0.31718382239341736 1099
