1723026099202 0 49
1723026121707 0 99
1723026137012 0 122
1723026150640 0 149
1723026173265 0 199
1723026199546 0 245
1723026202790 1 249
1723026225679 1 299
1723026248264 1 349
1723026261785 1 368
1723026276011 1 399
1723026298792 1 449
1723026322614 1 491
1723026326188 2 499
1723026348878 2 549
1723026371632 2 599
1723026383348 2 614
1723026399268 2 649
1723026421872 2 699
1723026444413 2 737
1723026449691 3 749
1723026472692 3 799
1723026495485 3 849
1723026505517 3 860
1723026523441 3 899
1723026546306 3 949
1723026566629 3 983
1723026573709 4 999
1723026596457 4 1049
1723026619215 4 1099
1723026627299 4 1106
1723026646671 4 1149
1723026669428 4 1199
1723026688113 4 1229
