1723026099202 0.6847911477088928 49
1723026121707 0.6216834187507629 99
1723026150640 0.4019376337528229 149
1723026173265 0.46108612418174744 199
1723026202790 0.4210313856601715 249
1723026225679 0.40277284383773804 299
1723026248264 0.5414964556694031 349
1723026276011 0.09197948127985 399
1723026298792 0.6173312067985535 449
1723026326188 0.2147011160850525 499
1723026348878 0.22270406782627106 549
1723026371632 0.030753519386053085 599
1723026399268 0.029696162790060043 649
1723026421872 0.31322264671325684 699
1723026449691 0.07191560417413712 749
1723026472692 0.07891657948493958 799
1723026495485 0.19844241440296173 849
1723026523441 0.4999525547027588 899
1723026546306 0.07659333199262619 949
1723026573709 0.11579408496618271 999
1723026596457 0.030834155157208443 1049
1723026619215 0.014465203508734703 1099
1723026646671 0.01649705320596695 1149
1723026669428 0.0375724621117115 1199
