1721906559583 0 49
1721906583611 0 99
1721906600312 0 123
1721906614625 1 149
1721906638719 1 199
1721906666813 1 247
1721906669600 2 249
1721906693748 2 299
1721906717959 2 349
1721906733530 2 371
1721906748824 3 399
1721906772983 3 449
1721906799997 3 495
1721906803945 4 499
1721906828459 4 549
1721906852651 4 599
1721906867278 4 619
1721906883687 5 649
1721906907848 5 699
1721906934212 5 743
1721906939121 6 749
1721906963475 6 799
1721906987695 6 849
1721907001372 6 867
1721907017286 7 899
1721907041587 7 949
1721907066877 7 991
