1721906559583 0.6747930645942688 49
1721906583611 0.6232484579086304 99
1721906614625 0.6099290251731873 149
1721906638719 0.7322381734848022 199
1721906669600 0.45419633388519287 249
1721906693748 0.5035992860794067 299
1721906717959 0.6951507925987244 349
1721906748824 0.3658614456653595 399
1721906772983 0.17123807966709137 449
1721906803945 0.11423248052597046 499
1721906828459 0.07793223112821579 549
1721906852651 0.38748255372047424 599
1721906883687 0.5799007415771484 649
1721906907848 0.05516649782657623 699
1721906939121 0.322695791721344 749
1721906963475 0.033386263996362686 799
1721906987695 0.01752680167555809 849
1721907017286 0.018839169293642044 899
1721907041587 0.017048010602593422 949
