1723475463530 0 49
1723475486392 0 99
1723475501981 0 123
1723475515539 1 149
1723475538564 1 199
1723475566749 1 247
1723475569331 2 249
1723475592163 2 299
1723475615012 2 349
1723475629675 2 371
1723475644214 3 399
1723475667044 3 449
1723475693414 3 495
1723475697019 4 499
1723475719857 4 549
1723475742701 4 599
1723475756471 4 619
1723475771955 5 649
1723475794807 5 699
1723475819544 5 743
1723475824784 6 749
1723475847616 6 799
1723475870479 6 849
1723475883336 6 867
1723475898153 7 899
1723475921028 7 949
1723475944872 7 991
