1723475463530 0.677959144115448 49
1723475486392 0.6824899315834045 99
1723475515539 0.5211510062217712 149
1723475538564 0.34046489000320435 199
1723475569331 0.19254879653453827 249
1723475592163 0.15931782126426697 299
1723475615012 0.31559938192367554 349
1723475644214 0.15424880385398865 399
1723475667044 0.10492834448814392 449
1723475697019 0.05031399056315422 499
1723475719857 0.031496044248342514 549
1723475742701 0.07675058394670486 599
1723475771955 0.47366592288017273 649
1723475794807 0.02125770039856434 699
1723475824784 0.022002890706062317 749
1723475847616 0.25250375270843506 799
1723475870479 0.015040590427815914 849
1723475898153 0.3801476061344147 899
1723475921028 0.01687505468726158 949
